# 3D point list with one line of data per point:
#   POINT3D_ID, X, Y, Z, R, G, B, ERROR, TRACK[] as (IMAGE_ID, POINT2D_IDX)
# Number of points: 1308, mean track length: 4.05275
1109 1.94907 -0.247896 7.1708 126 122 138 0.910295 5 1889 6 2192 7 2483 8 2598 9 2522
1108 1.9366 -0.629366 7.27771 137 77 73 0.9136 5 1806 6 2185 7 2482 8 2647
1107 1.93841 3.68402 6.07049 184 200 217 0.651984 3 2411 5 1854 6 2135 7 2337 8 2413
1106 0.419113 0.287801 6.81186 45 41 44 0.892716 2 1719 6 2114 9 1725
1105 0.237574 -0.0977148 7.02499 67 66 51 0.408964 3 2190 6 2112 8 2566
1104 1.89771 -0.322081 7.15219 84 79 91 0.22037 5 1807 6 2099 7 2323 9 2236
1103 1.29458 3.94231 5.24833 162 150 94 0.270037 3 2311 6 2045 7 2223 8 2260
1102 1.43872 3.94072 5.25121 170 145 64 0.387261 3 2312 6 2037 8 2068
1101 -0.684431 0.407638 6.67371 164 150 146 0.522777 4 1834 6 2032 9 1762
1100 -0.0551938 0.526153 6.70113 39 38 43 0.453218 4 1845 6 2013 9 1737
1098 1.96125 -3.63117 9.28992 12 19 27 1.26539 5 1679 6 1967 7 2315 9 1975
1097 1.14417 3.89687 5.27207 102 74 65 0.375446 3 2146 6 1922 7 2077 8 2086
1096 0.128122 1.69794 6.40201 180 190 204 0.973968 5 1745 6 1907
1095 0.0491994 -0.185885 7.08921 109 126 142 0.266599 5 1332 6 1850 7 2228
1094 0.277984 0.0339907 6.95913 67 68 59 0.32977 3 1656 6 1847 7 2219 9 1267
1093 1.86941 0.124797 7.77618 153 161 170 0.46326 3 1675 5 1537 6 1828 7 2195 8 2285 9 2017
1092 3.49748 1.95955 7.22825 164 39 57 0.390893 4 1863 6 1821 7 2005 8 2033 9 1202
1091 5.61057 -3.82441 11.2321 99 113 101 0.461514 5 1260 6 1755 7 1951
1090 1.2773 3.97699 5.22527 163 155 114 0.289811 3 1579 6 1699 8 1244
1089 0.317695 0.665644 6.59838 64 59 59 0.486868 4 1108 6 1607 8 2137
1088 0.0557319 0.339044 6.8451 81 79 70 0.168722 5 1047 6 1605 7 2104
1087 0.206125 -0.276828 7.12977 77 77 66 0.421747 5 998 6 1575 7 2064 8 2347
1086 0.206125 -0.276828 7.12977 77 77 66 0.421747 5 999 6 1574 7 2063 8 2346
1085 2.04687 0.373465 7.94818 166 163 160 0.670634 5 1545 6 1558 7 2030 9 1712
1084 1.95913 0.260318 7.87934 144 155 158 0.272526 5 1326 6 1555 7 1347 9 1244
1083 2.00322 0.151541 7.64531 151 161 172 0.241887 4 1068 6 1540 8 1800
1082 1.7972 0.0247312 7.81328 164 172 179 0.518639 5 1312 6 1536 7 2026 8 2104 9 1688
1081 1.7609 -0.16482 7.80722 180 186 189 0.76707 5 321 6 1535 7 2024 8 2283 9 1195
1080 1.78065 -0.142147 7.76993 112 79 98 0.358618 5 969 6 1534 7 1746 8 2101 9 1197
1079 1.94782 -0.0787779 7.33067 113 96 87 0.421412 5 968 6 1528 7 1739 8 1796
1078 2.10166 -0.286865 6.89898 246 255 255 0.234094 5 960 6 1521 7 2011
1077 2.09725 -0.286064 6.89354 246 255 255 0.380968 5 961 6 1520 7 2010 8 2423
1076 1.86473 -0.461329 7.15831 119 58 73 0.323039 5 957 6 1515 7 1729 8 1790 9 1165
1075 5.67744 4.23627 6.39565 29 56 80 0.674965 5 1563 6 1510 7 1659
1074 2.13219 -0.46909 6.99727 249 255 255 0.128977 5 948 6 1505 7 1725 8 1211
1073 1.7036 -4.16099 9.16092 39 46 47 0.510403 5 1256 6 1481
1072 1.7036 -4.16099 9.16092 39 46 47 0.510403 5 1255 6 1480
1071 6.90075 -1.41381 8.61559 13 24 42 0.6617 5 852 6 1442 7 1586 9 1062
1070 1.25774 3.99235 5.22399 161 157 116 0.436126 3 1589 6 1399 7 1470
1069 1.21835 3.9452 5.24321 155 137 90 0.555034 2 1394 6 1398 7 1467
1068 1.41786 3.65636 5.40784 100 123 145 0.384505 3 1539 5 1210 6 1346
1067 2.39662 4.88851 5.62015 97 92 107 0.89918 4 974 6 1326 7 1375 8 1148
1066 -0.0345931 0.681234 6.60271 39 46 54 0.168002 5 543 6 1280 7 1572 8 1973
1065 0.197201 0.519177 6.67987 33 28 25 0.166395 5 506 6 1262 7 1503
1064 0.197581 0.519443 6.67543 33 28 25 0.287561 5 505 6 1261 7 1502 8 1925
1063 0.136132 0.435263 6.73095 35 34 34 0.357184 4 194 6 1259 7 1885 8 1970
1062 0.0128468 0.151035 6.91153 170 193 212 0.236128 5 459 6 1255 7 1882
1061 3.02736 4.77143 5.70577 159 150 140 0.571886 5 1202 6 1249 8 117
1060 0.0670263 0.162856 6.87981 35 47 62 0.332915 5 463 6 1226 7 1532 8 1967
1059 0.0718826 0.124738 6.91942 169 194 208 0.207343 5 458 6 1223 7 1879
1058 0.172851 -0.0974374 7.03243 84 84 82 0.244667 5 412 6 1203 7 1837 8 1959
1057 0.172851 -0.0974374 7.03243 84 84 82 0.244667 5 413 6 1202 7 1836 8 1958
1056 1.02019 0.326797 7.77709 233 214 240 0.207523 2 322 6 1188
1055 0.513667 -0.0619867 7.00795 49 47 54 0.220828 5 417 6 1185 7 1401 8 1893
1054 1.77956 0.112778 7.98329 105 94 97 0.0655651 4 151 6 1166 7 1340
1053 1.75116 -0.121564 8.04361 120 115 113 0.423067 5 324 6 1159 7 2025 8 2106
1052 2.04031 0.235856 7.74646 151 160 164 0.140452 5 981 6 1151 7 491
1051 2.09246 0.218782 7.69371 85 58 72 0.200755 5 987 6 1143 7 1303 8 1275
1050 2.15544 0.210924 7.66326 84 62 76 0.434712 1 1350 6 1142 7 488 8 421
1049 1.90407 0.104938 7.70589 97 59 80 0.368529 4 1060 5 974 6 1131
1048 1.80779 -0.00995845 7.78788 102 59 76 0.325388 5 327 6 1130 7 1749 8 1834
1047 1.79391 -0.0411818 7.78149 194 177 186 0.158624 5 323 6 1129 7 1325 8 1347 9 292
1046 1.78475 -0.0772113 7.77479 102 71 89 0.227047 5 322 6 1127 7 1748
1045 1.87691 -0.0664531 7.49274 80 80 84 0.586454 4 99 6 1125 8 479 9 286
1044 3.56566 2.16022 7.11384 144 65 88 0.342294 5 1012 6 1113 7 381 8 115
1043 1.90491 -0.263446 7.14013 167 157 168 0.223405 5 298 6 1107 7 1291 8 1272
1042 1.92482 -0.275114 7.07063 170 162 172 0.281984 5 266 6 1106 7 1289 8 1271
1041 1.88387 -0.341605 7.10593 178 166 174 0.272755 5 262 6 1103 7 1287 8 1266
1040 1.85977 -0.38493 7.19739 179 177 187 0.617873 5 958 6 1102 7 1731 8 1792 9 227
1039 1.86622 -0.386934 7.12444 182 168 179 0.189643 5 261 6 1100 7 1286
1038 2.13752 -0.320611 6.93026 59 57 79 0.298553 5 270 6 1076 7 1726 8 1743
1037 5.61139 3.74174 6.57433 165 164 164 1.10512 5 1016 6 1062 7 237 8 14
1036 1.86804 -3.65515 9.18346 122 147 160 0.76132 5 898 6 1029 7 1719
1035 1.9343 -3.67196 9.18696 82 100 109 0.700123 5 897 6 1028 7 1703
1034 2.28091 -3.6572 9.08504 44 56 48 0.896087 5 127 6 1022 7 1693
1033 6.94637 -1.47121 8.72034 55 74 79 0.730195 5 74 6 944 9 35
1032 1.20265 4.06068 5.18231 124 91 60 0.427266 4 912 6 923 7 806
1031 1.31924 4.11242 5.16548 42 55 88 0.471034 4 919 6 881 7 800 8 377
1030 0.960874 3.58982 5.40838 106 139 142 0.435014 2 813 6 855 7 889
1029 1.57938 4.09669 5.20722 34 42 83 0.33001 4 927 6 797 7 711
1028 1.38495 3.73619 5.36304 73 85 104 0.266368 3 932 6 791 8 361
1027 -0.0591512 0.44504 6.73638 97 97 91 0.335362 5 498 6 683 7 1566 8 1992
1026 -0.0115891 0.484974 6.71881 94 92 83 0.191602 5 499 6 638 7 1540 8 1573
1025 0.364621 -0.118054 7.04011 48 38 49 0.260605 5 411 6 531 7 1442 8 1914
1024 0.16559 -0.164937 7.06599 47 43 45 0.170971 4 68 6 525 7 1484
1023 0.183154 -0.356479 7.16256 57 44 48 0.445394 4 66 6 514 7 1807 8 1952
1022 0.505493 -0.119316 7.03333 177 196 213 0.138113 3 239 6 480 7 1400 8 1888
1021 0.378265 -0.268678 7.10131 46 42 43 0.931081 5 379 6 471 7 2060 8 1458
1020 1.80595 0.0771059 7.88381 168 174 183 0.112878 4 149 6 416 8 550
1019 1.88587 -0.299918 7.15166 176 169 178 0.313231 5 263 6 327 7 1290 8 1307
1018 5.25938 3.89558 6.44018 22 18 40 1.31454 5 1036 6 298 7 1195 8 17
1017 2.10836 -0.179564 6.94343 157 122 129 0.352746 5 273 6 290 7 426 8 309
1016 1.91734 -3.74239 9.28461 15 20 31 0.846354 5 126 6 184 7 2178
1015 6.27966 -2.55312 10.7022 91 116 124 0.300757 5 111 6 68 7 177 8 84
1014 1.83464 2.38903 6.79344 13 23 26 2.23199 3 2693 2 2315 4 2441 3 2716 2 2327 6 2447 6 2472 5 2110 7 2666 8 2773 7 2640 9 2770 10 2556
1012 2.16526 0.280944 7.83204 102 113 113 0.570925 2 2036 1 1840 6 2104 5 1812
1011 3.61868 1.25381 7.6559 87 52 15 1.03571 2 2057 1 1744 6 2187
1010 2.08459 -0.0940108 7.09543 75 47 49 0.878066 4 1794 1 1559
1009 2.45276 4.98489 5.58531 57 60 75 1.15689 4 1483 1 1267 6 1329 7 1377 8 1144
1008 2.45276 4.98489 5.58531 57 60 75 1.15689 4 1482 1 1266 6 1328 7 1376 8 1143
1006 2.01491 0.223043 7.82173 112 113 109 0.585678 2 340 1 944 8 1311
1004 3.62358 2.22847 7.10278 150 172 184 1.483 3 2542 1 2092 8 2584
1003 3.62358 2.22847 7.10278 150 172 184 1.483 3 2543 1 2091 8 2583
1002 0.360036 3.42446 6.13519 124 115 108 0.70331 3 2630 4 2342 1 2090
1001 -0.694441 3.51509 5.53907 153 144 137 0.0285699 3 2545 1 2051
1000 -0.874129 2.87434 5.80345 49 42 52 0.404331 4 2298 1 2045 9 2583
999 1.25648 3.8555 5.31993 154 137 86 0.543891 4 2250 1 1997
998 1.25872 3.85154 5.30872 154 137 86 0.593131 4 2249 1 1996 6 2289 7 2498 9 2280
997 0.990105 4.09688 5.14821 166 149 65 0.788307 4 2258 1 1995 7 2505 9 2301
996 -0.888287 2.97174 5.76162 145 125 143 0.513236 4 2226 1 1960 9 2471
995 1.1197 4.13864 5.12414 97 120 145 0.486667 4 2259 1 1911 9 2106
994 1.26594 3.90426 5.27292 127 62 51 0.516888 4 2164 1 1908 6 2162 7 2357 8 2434 9 2085
993 1.05173 3.98579 5.21599 115 63 53 0.537991 4 2257 1 1906 7 2365 9 2103
992 0.0451667 3.4359 6.05746 132 123 114 0.00784103 2 2075 1 1890
991 3.28147 2.12938 7.09376 24 29 35 0.908244 2 1956 3 2378 5 1718 1 1885 6 2105 7 2184 8 2234 9 2021 10 2168
990 -0.624212 3.10465 5.72641 137 47 62 0.333948 3 2491 1 1874 9 2165
989 5.43865 3.52243 6.64998 56 58 81 1.41087 3 2112 1 1800 7 1170 8 1660
988 0.736314 4.10131 5.11102 160 134 62 0.625332 2 2092 1 1794 9 1823 4 1973
987 2.21912 3.60554 6.14698 171 36 53 0.718248 2 1989 1 1793 6 2126 7 2201 8 2241
986 1.16575 3.83811 5.30778 92 46 40 0.477409 3 2428 1 1789 7 2358
985 0.948626 3.91 5.22708 114 78 54 0.565919 2 1982 1 1785 7 2364 8 2441 9 1818
984 0.884623 3.93049 5.19793 151 144 111 0.476717 3 2424 1 1783 7 2370 8 2443
983 0.961542 3.71393 5.34524 136 140 127 0.436556 4 1938 1 1653 10 374
982 -0.443188 4.35449 5.59325 145 132 122 0.799899 2 1837 1 1644 8 2343
980 -1.01655 2.60927 5.92174 187 138 105 0.43383 4 1906 1 1605 9 1509
979 -1.01655 2.60927 5.92174 187 138 105 0.43383 4 1905 1 1604 9 1510
978 1.45401 4.04761 5.20569 38 20 33 0.297312 4 1767 1 1510 8 1754
976 1.15428 4.14042 5.11399 152 177 200 0.361705 4 1765 1 1508 8 1780 7 1868
975 1.15428 4.14042 5.11399 152 177 200 0.361705 4 1764 1 1507 7 1867 8 1779
974 1.17965 4.01932 5.20313 142 104 88 0.407893 4 1965 1 1498 6 1937 9 624
973 0.657891 3.67174 5.33977 0 46 95 0.318166 3 2133 1 1473 7 2116 8 2118 9 1419
972 2.5493 1.94894 7.07381 156 179 191 0.131343 2 1587 1 1444
971 -0.974021 2.74369 5.85452 197 165 131 0.509099 4 1262 1 1408 9 923
970 -1.14909 2.67959 5.86228 205 136 113 0.51178 4 1660 1 1394 9 1511
969 -0.903552 2.40207 6.12195 181 114 118 0.315865 2 1550 3 1787 4 1229 1 1385
968 1.36417 4.05579 5.19176 38 25 42 0.57706 4 1762 1 1235 6 1701 8 1242
967 1.24818 4.08658 5.17298 30 36 65 0.571656 4 1424 1 1231 6 1721 7 1473 8 1246
966 1.20565 4.13559 5.13027 147 169 195 0.358217 4 1428 1 1230 8 1757 7 1476
965 1.10661 4.14971 5.10848 154 177 198 0.458718 4 1772 1 1226 7 1869 8 1781
964 1.06344 3.982 5.21411 94 46 31 0.602181 4 1419 1 1214 7 1524
963 1.05869 4.05576 5.17295 116 75 54 0.382226 4 1420 1 1213 7 1526 8 1299
962 0.970965 4.12729 5.1212 35 24 35 0.582358 4 1444 1 1211 7 1562 8 521
961 1.4675 3.68493 5.39407 57 71 102 0.380801 3 1920 5 1450 1 1193 8 1225
960 1.18235 3.78536 5.33909 164 181 193 0.827948 3 1532 1 1172 7 784
959 1.16553 3.68485 5.38321 157 178 193 0.324208 2 1344 1 1168 6 1694 7 1823 8 1289 8 1772
958 1.13423 3.69231 5.36735 136 144 126 0.421517 3 1523 1 1167 6 857 7 780
957 0.920108 3.75528 5.3078 134 97 87 0.211697 4 1389 1 1159 7 1518 8 1337
956 0.911325 3.80279 5.28281 149 134 83 0.272449 4 1392 1 1155 7 1557 8 1828
955 1.06031 3.55014 5.44003 10 35 73 0.725273 3 1884 4 1303 1 1139 6 1689
954 0.908289 3.58413 5.39937 83 152 191 0.228659 4 1350 1 1134 7 1858 8 1823
953 0.887449 3.54473 5.41782 96 107 88 0.406586 3 1494 1 1132 8 1361
952 -0.271514 3.27868 5.73469 48 37 54 1.37656 4 1293 1 1051 3 1413 8 1935
951 -0.309201 3.28733 5.73413 91 81 95 0.940856 3 1411 1 1049 8 1937
950 -0.425695 3.15466 5.77082 60 39 53 1.19732 3 752 1 1043 4 1285
949 -0.713636 2.89649 5.82484 38 36 50 0.191095 3 1391 1 1031 9 926
948 -0.841246 2.90481 5.79526 101 108 117 0.397512 3 1382 4 1266 1 1028 9 929
947 1.46239 4.0889 5.18304 121 142 172 0.394435 4 926 1 755 6 871 8 269
946 1.46239 4.0889 5.18304 121 142 172 0.394435 4 925 1 754 6 870 8 270
945 1.39948 4.09794 5.17404 16 31 65 0.399078 4 923 1 751 6 876 7 715 8 371
944 1.29323 4.10522 5.1671 35 56 80 0.532051 4 918 1 749 6 1403 7 802 8 379
943 1.27725 4.12671 5.15065 153 177 195 0.328512 4 1429 1 748 6 1404 7 1474 8 1247
942 1.32657 4.07188 5.18341 38 55 74 0.326961 4 914 1 746 6 1401 7 1468 8 376
941 1.27042 4.07703 5.17857 162 177 198 0.476841 4 1423 1 745 6 1402 7 1472 8 1245
940 1.20705 4.08789 5.16074 34 46 65 0.424229 4 917 1 742 6 924 7 808 8 450
939 1.18404 4.08789 5.15294 159 179 195 0.652606 4 915 1 740 6 928 8 452
938 1.13349 4.10941 5.13765 160 185 206 0.29796 4 906 1 739 8 453
937 1.13078 4.14697 5.11332 26 45 80 0.63773 4 947 1 735 7 903 8 456
936 1.13078 4.14697 5.11332 26 45 80 0.63773 4 946 1 734 7 904 8 455
935 1.07141 4.15145 5.11102 89 111 146 0.259697 4 943 1 733 7 910
934 1.26838 4.02035 5.2108 166 167 151 0.287487 3 1590 1 702 6 1400 7 1471
933 1.24715 4.01021 5.21439 106 100 68 0.287204 3 1002 4 910 1 701 6 879 7 804 8 380
932 1.10085 4.10753 5.14259 169 179 196 0.411166 4 1421 1 693 7 1527 8 1297
931 0.994768 4.13188 5.11459 85 97 124 0.410747 4 942 1 692 7 1528 8 459
930 1.45864 3.62031 5.43235 83 109 127 0.53906 2 899 3 851 1 642 6 1314 8 338
929 1.36457 3.65851 5.41457 152 180 197 0.508085 2 887 1 638 6 1350 7 696 8 353
928 1.36457 3.65851 5.41457 152 180 197 0.508085 2 888 1 637 6 1349 7 697 8 354
926 1.27297 3.68894 5.38486 93 117 134 0.220285 3 907 1 621 6 1360 7 1464
925 1.14875 3.81014 5.31435 152 137 98 0.326606 2 870 1 616 6 860
924 0.987559 3.86864 5.26531 94 46 29 0.43553 2 1354 1 614 7 1523 8 1338
923 1.02577 3.69383 5.3533 143 151 143 0.641731 2 817 1 613 6 1393
922 1.11784 3.52153 5.46142 103 105 96 0.563662 3 836 1 585 7 1461 6 1389 8 503
921 -0.478309 3.12272 5.7557 50 48 65 0.31334 4 671 1 407 8 976
920 -0.639634 3.18509 5.69849 116 81 101 0.211642 3 746 4 1287 1 403 9 941
919 0.144893 2.36454 6.62914 154 154 148 1.0092 2 528 1 324
918 1.32986 2.44046 6.6806 179 199 225 1.81564 1 2206 6 2478 7 2673 3 2715 8 2776 9 2818 5 2127
917 2.59989 2.14796 7.02259 174 195 212 1.62242 2 2329 5 2105 1 2210 6 2440 7 2636 8 2741
916 2.59989 2.14796 7.02259 174 195 212 1.62242 2 2330 5 2104 1 2211 6 2439 7 2635 8 2740
915 1.62761 1.81448 4.81028 173 195 209 0.511227 2 2198 5 1992
914 1.62761 1.81448 4.81028 173 195 209 0.511227 2 2197 5 1991
913 0.0186622 1.91966 6.43263 128 137 137 1.22371 4 1204 5 1435
911 3.35586 2.19646 7.06984 170 190 203 1.43651 3 2580 5 1989 6 2321 9 2406 10 2442
910 -0.883416 1.61161 6.13162 186 163 76 0.466977 3 2473 4 2218 5 1962
909 -1.33669 1.2141 6.37354 199 176 86 0.886177 3 2363 4 2206 5 1961
908 -0.0343145 1.78961 6.55471 89 92 95 1.51259 4 2289 5 1960 3 2537
907 3.37635 2.90243 6.87841 145 138 130 0.8052 4 2292 5 1904 6 2106 8 2236
906 2.13516 0.276955 7.8544 127 138 143 1.66875 4 2190 5 1891 6 2196 7 2330 8 2277 9 2404
905 -0.290605 0.217023 6.84843 131 119 117 0.582631 4 2191 5 1820 6 2132
904 0.24747 -0.328347 7.15588 44 38 43 0.4329 4 1981 5 1698 6 2111
903 6.80914 -1.24099 8.25225 18 28 39 0.576623 3 2439 5 1665
99 0.791962 3.63486 5.35607 116 155 202 0.142179 3 876 2 804 4 784 7 1002 8 592
1208 0.324847 0.641462 6.6088 99 97 87 0.129926 6 588 7 1509 8 1445
259 0.841121 3.86698 5.23051 152 117 113 0.0688681 3 1564 2 857
265 0.913584 3.97506 5.18348 116 83 67 0.40006 3 1585 2 861 4 905 1 689 8 1342
266 6.27814 -2.40874 10.4805 52 81 78 1.14017 3 1613 2 1454 6 1459
267 6.27977 -2.28055 10.5271 32 68 79 1.31718 3 1624 2 1452 5 1273
268 6.22589 -2.26494 10.4295 32 68 79 1.78822 3 1625 2 1450 5 1272
269 2.65464 -0.601561 7.09538 76 90 101 0.279883 3 1638 2 1031
270 0.094162 -0.020728 6.99363 133 160 171 0.324064 3 1653 2 987 4 1528 5 1019 7 2229 8 2348
271 0.359501 -0.213547 7.09774 17 17 24 0.36116 3 1655 2 993 6 1573 7 2218 8 2470 9 1230
272 0.456118 -0.0870564 7.02176 36 43 58 0.337957 3 1657 2 1436 4 1515 5 1333 6 1846 7 2211 8 2462 9 1231
273 -0.559097 0.277105 6.62282 111 102 97 0.476171 3 1665 2 1429 4 1823 5 1378 4 1539 6 1885 9 489
274 0.125142 0.23425 6.85004 45 52 46 0.221511 3 1666 2 1010 4 1543 5 1348 6 1857 7 2091 8 2351 9 1270
275 0.0968872 0.268704 6.83194 16 19 18 0.336977 3 1667 2 1012 4 1544 5 1350 6 1869 7 2248 8 2355 9 445
276 0.112624 0.310807 6.80627 47 54 48 0.227639 3 1668 2 1013 5 1351 8 2354
277 1.98544 -0.0199252 7.34379 73 69 58 0.538885 3 1672 2 1082 4 1802 5 1311 6 1820 7 1740
278 1.82689 0.0722122 7.80044 126 136 141 0.180426 3 1673 2 1118
279 2.04074 0.182318 7.6281 73 44 60 0.130441 3 1676 2 1493
280 -0.630467 0.53895 6.82229 91 83 71 0.383002 3 1683 2 1063 4 1841
281 -0.0937689 0.559576 6.68009 100 134 109 0.163079 3 1687 2 1072 4 1551
282 1.08583 0.374649 7.71724 177 191 203 0.54729 3 1695 2 1492
283 2.03671 0.292357 7.86469 109 124 126 0.421326 3 1701 2 1521 4 1817 5 1318 6 1545 7 1311 8 1313 9 1698
284 -1.13569 0.865242 6.593 194 176 119 0.621702 3 1710 2 1042 4 1575
285 -1.02298 0.909681 6.57053 48 55 71 0.315371 3 1711 2 1047 5 1606
286 -1.02362 0.786468 6.70226 104 161 196 0.64678 3 1713 2 1045
287 -1.17222 1.01413 6.49098 129 137 141 0.410651 3 1727 2 1459 4 1591
288 -0.761285 1.04229 6.50543 95 155 185 0.282057 3 1729 2 1104 4 1583 5 1414 9 680
289 -0.668775 1.04026 6.54947 37 35 64 0.511087 3 1731 2 1106
290 -1.01486 1.40411 6.26428 164 147 125 0.496049 3 1744 2 1506 4 1604 5 1624 9 1453
291 -0.89687 1.19034 6.41344 75 53 61 0.412962 3 1745 2 1101 4 1157 5 1429
292 -0.902933 1.21959 6.41135 182 194 208 0.397113 3 1746 2 1102 4 1159 3 1262 5 1136
293 -1.0357 1.55602 6.15648 139 168 192 0.562684 3 1754 2 1508 4 1620
294 -0.895528 1.45183 6.22514 172 176 171 0.991427 3 1758 2 367 4 432 5 1625
295 -0.441241 1.61687 6.39227 44 56 68 0.692781 3 1760 2 1533 4 1187 1 968
296 -0.202024 2.03979 6.72123 84 37 41 0.596748 3 1780 2 1201
297 -0.9631 2.33522 6.1454 185 140 155 0.432616 3 1785 2 1547 1 1383 4 1642
298 -0.903615 2.49609 6.04341 201 135 111 0.304992 3 1793 2 1211 4 1648 1 1397
299 -0.78026 2.50022 6.08873 133 41 50 0.370195 3 1796 2 1557 1 1399
300 3.44456 2.68792 6.853 77 70 62 0.0246135 3 1799 2 1835
301 2.80854 2.85855 6.64103 124 154 176 0.765169 3 1810 2 1622 4 1635 5 1386 6 1562 7 1313 8 158
302 2.81162 2.89505 6.60711 148 176 193 0.954865 3 1811 2 1637 4 1636 5 1388 1 1468 6 1564 8 1708 10 1423
303 3.25676 2.83953 6.75222 54 44 44 0.671975 3 1813 2 1834 4 1213 5 521 1 1117
304 -0.974504 2.89713 5.7896 177 149 126 0.345871 3 1816 2 1231 4 1673 1 1406 9 1514
305 -0.932601 2.96517 5.76214 207 173 196 0.434847 3 1817 2 1232 4 1674 1 1423 9 1524
306 -0.913577 3.01404 5.74391 195 170 194 0.447532 3 1818 2 1236 4 1689 1 1420 9 1527
307 -0.913577 3.01404 5.74391 195 170 194 0.447532 3 1819 2 1235 4 1688 1 1419 9 1526
308 -0.7565 3.00211 5.76597 175 195 217 0.212536 3 1820 2 1246 4 1678 1 1429 9 1518
309 -0.723876 2.95067 5.80701 58 67 94 0.331778 3 1821 2 1239
310 -0.723876 2.95067 5.80701 58 67 94 0.331778 3 1822 2 1238
311 1.08109 3.06761 6.3608 90 77 85 1.03275 3 1827 2 686 6 2035
312 -0.886537 3.07171 5.72347 206 172 197 0.470004 3 1832 2 1244 4 1690 1 1427 9 1530
313 -0.794987 3.14667 5.70082 190 178 197 0.165287 3 1835 2 1251 4 1694 1 1438 9 1528
314 -0.592569 3.25039 5.67354 173 183 206 0.45899 3 1837 2 633 4 1698 1 1042 9 942
315 -0.169951 3.33042 5.71637 54 45 59 0.639272 3 1853 2 1610 8 2165 1 1446 9 880
316 -0.22583 3.34638 5.74037 80 77 92 1.21795 3 1855 2 1289 1 1059
317 -0.173888 3.45014 5.63137 51 44 64 0.999844 3 1860 2 1609 1 1076
318 -0.0781147 3.41644 5.69118 90 72 82 0.145017 3 1862 2 1301 8 2147
319 2.57539 3.47724 6.30428 69 61 59 0.288439 3 1865 2 1657
320 0.752437 3.59755 5.36925 97 131 133 0.275195 3 1876 2 1322 4 1719 1 1123 7 1896 8 1854
321 0.752437 3.59755 5.36925 97 131 133 0.275195 3 1877 2 1321 4 1720 1 1124 7 1897 8 1855
322 0.799474 3.59153 5.37933 65 141 192 0.438996 3 1878 2 1634 4 1718 1 1125 8 1849 7 2111 9 716
323 0.817913 3.54913 5.41884 97 100 77 0.542873 3 1879 2 1633 1 1129 9 712
324 1.026 3.5767 5.41972 35 114 161 0.31435 3 1885 2 1644 4 1722 1 1477 6 1919 8 1816
325 1.02617 3.57713 5.42003 35 114 161 0.340149 3 1886 2 1645 1 1478 6 1920 8 1817
326 1.13443 3.49271 5.46704 36 37 62 0.224619 3 1889 2 1636 1 1140
327 1.95792 3.71141 6.05745 183 186 205 0.741939 3 1892 2 1385 4 1706 5 1442 1 1201 6 1628 6 1881 7 1371 8 1734
328 -0.307707 3.74494 5.4831 140 38 47 0.346956 3 1899 2 1306 1 1097 9 955
329 0.795697 3.662 5.34323 143 175 209 0.333175 3 1904 2 1640 1 1126 4 1347 7 1894 8 1852 9 724
330 0.795961 3.66066 5.34138 143 175 209 0.28085 3 1905 2 1641 1 1127 4 1348 7 1895 8 1851
331 0.813792 3.71249 5.31795 165 156 88 0.332558 3 1906 2 1336 1 1475 9 725
332 0.892978 3.74842 5.31753 72 57 62 0.380408 3 1907 2 1643 4 1741 1 1154 9 730
333 0.92207 3.75634 5.31007 133 95 84 0.52541 3 1908 2 1339 4 1390 8 1336
334 0.861688 3.77519 5.28806 147 141 105 0.187715 3 1909 2 1642 4 1742 1 1487 7 1898 8 1829
335 0.880529 3.79736 5.27824 133 108 66 0.325854 3 1910 2 1337 4 1387 1 601 7 1558 8 1340
336 1.23768 3.73548 5.3563 70 88 122 0.467442 3 1912 2 1359 4 1723 1 1173 6 1692 7 1821 8 1773 9 612
337 1.23768 3.73548 5.3563 70 88 122 0.467442 3 1913 2 1360 4 1724 1 1174 6 1693 7 1822 8 1774 9 613
338 1.19252 3.77517 5.34337 165 184 198 0.296644 3 1914 2 1652 1 1491 6 1921 8 2082 9 618
339 1.43132 3.67531 5.40061 154 177 197 0.518932 3 1915 2 1378 1 1191 6 1658 7 1798 8 1228
340 1.43287 3.67175 5.39812 154 177 197 0.354899 3 1916 2 1379 4 1361 1 1190 8 1227
341 1.35546 3.7132 5.37964 82 93 129 0.421638 3 1917 2 1371 1 1183 6 1659 7 1800 8 1753
342 1.35658 3.71666 5.38597 82 93 129 0.63721 3 1918 2 1372 4 814 1 1184 6 1660 7 1801 9 610
343 1.4956 3.64985 5.42695 96 116 142 0.441069 3 1919 2 1654 4 1306 5 1448 1 1195 6 1641 8 1220
344 1.55027 3.70174 5.4251 136 161 184 0.0920337 3 1921 2 1655 1 1492 10 477
345 -0.349634 4.11533 5.79856 103 93 91 0.61741 3 1925 2 1826
346 1.03093 3.88137 5.2629 84 55 38 0.23728 3 1928 2 1650 4 1745 1 1164 7 1862 8 1825
347 1.05089 3.91011 5.24856 155 145 113 0.372939 3 1931 2 1356 7 1861 8 2087
348 2.18233 -0.551166 7.0112 20 37 50 0.230833 3 1962 2 1893
350 0.470855 -0.170829 7.05629 65 81 95 0.22068 3 1985 2 1421 4 1801 5 1544
351 0.472444 -0.16792 7.05063 65 81 95 0.0743083 3 1986 2 1420
352 -0.607395 0.476665 6.72357 102 94 80 0.124594 3 2005 2 1432 4 1839
353 0.207769 0.483972 6.7035 42 50 37 0.375319 3 2006 2 1718 5 1571 6 2005 7 2363 8 2556
354 -0.00260094 0.52344 6.6924 53 61 48 0.211527 3 2007 2 1717 4 2003 5 1725 7 2366
355 -0.905044 1.02516 6.5286 186 173 89 0.296053 3 2031 2 1730 4 1859 5 1742
356 4.2333 0.980603 6.99594 63 27 0 0.113296 3 2036 2 1792
357 -0.948392 1.29766 6.34748 117 68 57 0.421309 3 2040 2 1477 4 1867 5 1752
358 -0.461143 1.66006 6.47908 27 24 43 0.263889 3 2052 2 1769 4 1608
359 -0.703108 1.76078 6.22604 20 33 55 0.341377 3 2056 2 1765
360 -0.712586 1.80821 6.3012 64 74 88 0.441038 3 2057 2 1530 4 1623
361 -0.731487 1.80963 6.34305 64 74 88 0.13602 3 2058 2 1531
362 3.55969 2.15282 7.10977 135 41 60 0.00695531 3 2062 2 1820
363 0.339296 2.23475 6.68211 53 71 98 0.963964 3 2064 2 1790 5 1437 1 1609
364 0.339296 2.23475 6.68211 53 71 98 0.963964 3 2065 2 1791 5 1436 1 1610
365 -0.734297 2.58464 6.04074 181 131 147 0.226839 3 2073 2 1560 4 1651 1 1608
366 -1.0216 3.1314 5.67174 165 148 145 1.46959 3 2090 2 1946
367 -0.893855 3.13402 5.70386 186 170 193 0.363218 3 2092 2 1581 4 1919 1 1422 9 1890
368 -0.893855 3.13402 5.70386 186 170 193 0.363218 3 2093 2 1580 4 1918 1 1421 9 1889
369 -0.679435 3.10059 5.71781 177 188 206 0.384718 3 2094 2 1800 4 1920 9 1523
370 -0.527279 3.22178 5.68971 162 185 204 0.188578 3 2096 2 1809 4 1923 9 1532
371 -0.527279 3.22178 5.68971 162 185 204 0.188578 3 2097 2 1810 4 1924 9 1533
372 -0.761688 3.39481 5.6126 147 35 36 0.976778 3 2102 2 1805
373 -0.362289 3.42533 5.62557 54 41 58 0.124861 3 2105 2 1815
374 2.49942 3.59574 6.28531 126 122 123 0.567916 3 2110 2 1991
375 2.6084 3.44514 6.30595 77 68 71 0.44207 3 2111 2 1858
376 0.556365 3.59935 5.4276 86 131 169 0.262257 3 2115 2 1627 4 1931
377 0.811989 3.50872 5.50759 232 226 207 0.0563846 3 2118 2 1970
378 0.732471 3.57117 5.38934 14 43 88 0.318907 3 2119 2 1629 1 1465
379 1.27733 3.45222 5.50396 151 154 136 0.0583668 3 2124 2 1832
380 1.95437 3.69702 6.06618 170 180 196 0.492194 3 2125 2 1857
381 -0.88306 3.90088 5.76387 145 129 122 0.304202 3 2129 2 1618 1 1450
382 -0.40197 3.68798 5.51233 183 160 180 0.48062 3 2131 2 1619 4 1948 1 1452 8 2339 9 1899
383 -0.40197 3.68798 5.51233 183 160 180 0.48062 3 2132 2 1620 4 1949 1 1453 8 2338 9 1900
384 0.704256 3.66405 5.33178 159 211 245 0.322291 3 2134 2 1839 4 1937 1 1648 7 2254 8 2291 9 1418
385 0.830006 3.8412 5.24497 116 72 60 0.432779 3 2139 2 1851 4 1951 1 1657 7 2257
386 0.829798 3.84309 5.24722 116 72 60 0.434501 3 2140 2 1852 4 1952 1 1658 7 2258 8 2292 9 1422
387 0.815596 3.91249 5.24122 152 146 120 0.923329 3 2143 2 1848 8 2113
388 0.837265 3.96622 5.17663 123 85 92 0.406267 3 2144 2 1849 1 1489 4 1759 8 2097 9 738
389 0.838993 3.96586 5.1769 123 85 92 0.529682 3 2145 2 1850 1 1490 7 2114 8 2096 9 739
390 1.22123 3.87382 5.28764 172 147 106 0.335493 3 2148 2 1855 4 1956 1 1667 6 2047 7 2076 9 1354
391 1.22093 3.87365 5.28701 172 147 106 0.330552 3 2149 2 1856 4 1957 1 1668 6 2046 7 2075 8 2083 9 1353
392 1.31637 3.88053 5.28587 168 146 111 0.234909 3 2150 2 1864 4 1958 1 1502 7 2073 8 2070 9 617
393 1.31642 3.87952 5.28437 168 146 111 0.177233 3 2151 2 1865 4 1959 1 1501 7 2074
394 6.23472 -2.26055 10.2565 8 12 16 0.529667 3 2156 2 2016
395 -2.54766 -1.4556 8.86302 17 39 48 0.719818 3 2168 2 1669
396 -0.430066 0.195037 6.66701 137 132 130 0.528934 3 2193 2 1879 4 1995
397 -0.440962 0.315184 6.66194 117 113 106 0.463976 3 2194 2 1884 4 1996 5 1729 6 2137
398 -0.394394 0.249793 6.68299 93 82 73 0.443313 3 2195 2 1700 4 1826 5 1568 6 2011
399 0.12207 0.0987066 6.92819 12 19 25 0.317956 3 2196 2 1702 4 1992 5 1710 6 2120 7 2446
400 0.330105 0.504424 6.72398 51 55 41 0.647768 3 2201 2 1903 4 1830
401 -1.30758 1.34015 6.30116 112 139 161 0.0886795 3 2225 2 1908
402 -0.99127 1.26071 6.35801 168 148 105 0.538889 3 2226 2 1731 4 1866 5 1747 9 1846
403 -0.89498 1.29062 6.35518 172 155 123 0.398181 3 2227 2 1732 4 2020 5 1750
404 -0.89583 1.29046 6.35593 172 155 123 0.445879 3 2228 2 1733 5 1751
405 -0.84926 1.32438 6.3378 102 70 66 0.556628 3 2229 2 1510 4 2021 5 1846
406 -0.57133 1.28376 6.36117 179 152 86 0.0188225 3 2230 2 1921
407 -0.526004 1.63576 6.36838 24 33 51 0.15272 3 2237 2 1768
408 -0.973633 1.8668 6.10894 21 35 66 1.20831 3 2243 2 1925 1 1844
409 -0.684098 1.73439 6.30932 22 33 56 0.0599282 3 2244 2 1766
410 -0.664179 1.77452 6.34494 59 69 83 0.0742813 3 2245 2 1926
411 2.08826 1.94754 7.10303 24 35 55 0.755377 3 2249 2 1943 4 1597
412 2.08096 1.94479 7.03203 24 35 55 1.02323 3 2250 2 1573 4 1871
413 -0.105142 2.06207 6.67691 115 131 141 0.776372 3 2251 2 1786 4 2223
414 -1.36648 2.42155 6.14752 98 109 130 0.400861 3 2256 2 1546
415 1.3606 2.60829 6.5986 155 185 200 1.09237 3 2268 2 2067
416 3.53768 2.65766 6.90567 116 116 114 0.456003 3 2269 2 2081 4 2036 5 1720
417 -0.697914 2.92273 5.82113 148 170 187 0.262758 3 2272 2 1795 4 2048 1 1623
418 -0.610164 3.01103 5.7895 147 145 161 0.469833 3 2274 2 1950 4 2051 1 1625 9 1521
419 3.03305 3.09603 6.62163 119 119 117 0.339126 3 2277 2 1980 4 1895
420 -0.61648 3.16596 5.71108 172 184 205 0.525814 3 2279 2 1949 4 2054 9 2166
421 -0.515549 3.11234 5.73141 154 174 198 0.455726 3 2280 2 1801 9 1488
422 -0.577934 3.21721 5.68718 155 67 87 0.171019 3 2281 2 1807 4 2056 1 1750 9 1895
423 -0.577934 3.21721 5.68718 155 67 87 0.171019 3 2282 2 1808 4 2057 1 1751 9 1896
424 0.921493 3.48106 5.46695 152 151 134 0.043259 3 2287 2 1971
425 0.96829 3.50982 5.44467 31 31 69 0.0370628 3 2288 2 1972
426 2.27035 3.62014 6.12136 165 171 189 0.99908 3 2289 2 1990 5 1620 6 1866 7 1772 8 1716 9 1312
427 -0.34045 3.85919 5.45145 151 34 46 0.856624 3 2292 2 1969 4 2074 1 1642
428 0.757993 3.66207 5.33398 0 43 98 0.500553 3 2293 2 1841 4 2066 1 1649 7 2252 8 2289 9 722
429 0.831335 3.67946 5.3366 32 55 104 0.314918 3 2294 2 1842 4 2067 1 1651 7 2251 8 2288 10 379
430 0.995938 3.66147 5.37647 148 142 77 1.1073 3 2295 2 1976 4 2068 6 2043 8 2093 9 1351
431 1.12523 3.80402 5.32234 148 135 89 0.407684 3 2296 2 1986 4 2071 1 1787 6 2160 7 2224 8 2271 9 1775
432 1.17045 3.72254 5.37396 87 51 61 0.370971 3 2297 2 1853 4 1941 1 1659 6 2044 7 2072 9 1352
433 -0.422963 3.95101 5.59498 164 151 149 1.32807 3 2302 2 1825 4 2254
434 0.908855 3.87491 5.24671 149 140 94 0.480939 3 2305 2 2086 4 2070 1 1784 7 2368 9 1425
435 0.986906 3.95876 5.21093 156 146 124 0.485953 3 2307 2 1985 4 1964 7 2243 8 2279 9 1424
436 0.986861 3.95797 5.2104 156 146 124 0.471933 3 2308 2 1984 4 1963 7 2244 8 2278
437 1.18859 3.91761 5.26849 153 140 98 0.30725 3 2310 2 1993 4 2072 1 1666 6 2048 7 2225 8 2272 9 1355
438 0.96421 4.00377 5.18248 154 147 118 0.351332 3 2315 2 1992 4 2076 1 1663 9 1426
439 0.379186 -0.306396 7.14161 31 31 31 0.379548 3 2328 2 2010 4 2097 5 1815 6 2205
440 -3.03674 -0.021927 7.52202 151 154 155 1.02344 3 2341 2 1877
441 0.732265 -0.0367437 7.81792 140 138 130 1.44398 3 2345 2 2119
442 0.78438 0.069921 7.83604 92 88 81 1.02093 3 2346 2 2018
443 2.1277 0.427118 7.93262 130 130 126 0.85884 3 2354 2 2037 4 2110 1 1943 7 2430
444 -1.10991 1.28082 6.34248 178 159 132 0.924933 3 2365 2 2024 4 2018
445 3.62499 1.34328 7.63964 133 118 100 0.443902 3 2366 2 2060 5 1813 4 2115 6 2094 7 2312 8 2398
446 -0.699184 1.8508 6.37275 28 33 51 0.468143 3 2373 2 1930
447 3.39262 2.05454 7.13749 159 29 35 0.772563 3 2376 2 2069 4 2122 5 1706 1 1973 6 1984 7 2176 8 2400 9 1699
448 3.38564 2.054 7.09496 159 29 35 0.553517 3 2377 2 2070 1 1974
449 3.27961 2.13139 7.08146 34 39 55 0.74494 3 2379 2 1957 1 1886
450 3.36055 2.12831 7.093 151 171 186 0.807874 3 2380 2 2071 1 1979 10 2290
451 3.70948 2.15798 7.13629 150 170 183 0.849218 3 2382 2 2076 4 2123 5 1707 1 1892 6 1983 7 2177 8 2393 9 1700
452 -1.00863 2.36842 6.55353 138 134 135 0.485218 3 2387 2 2050 1 1853
453 -0.706811 2.98803 5.78268 65 67 93 0.513276 3 2394 2 2061 4 2141 1 1868 9 2160
454 -0.763294 3.12051 5.71176 157 54 76 0.408285 3 2400 2 1947 4 2146 1 1872 9 2164
455 -0.495211 3.13913 5.73224 97 108 129 0.203057 3 2402 2 2062 4 2148 9 2148
456 -0.562687 3.26621 5.6707 168 189 208 0.280475 3 2403 2 1955 4 2149 1 1882
457 2.21735 3.60436 6.14603 167 29 45 0.751114 3 2406 2 1988 4 2144 5 1849 1 1792 6 2125 7 2200 8 2240
458 -2.08077 3.54362 5.79384 150 139 134 1.30757 3 2407 2 1799 1 1867
459 0.613395 3.57107 5.42259 30 40 84 0.389628 3 2409 2 2079 4 2154
460 1.2147 3.49811 5.47807 24 32 73 0.574044 3 2410 2 2083 4 2150 1 1781 7 2354
461 1.8972 3.73082 6.1106 85 70 69 0.439499 3 2412 2 1987
462 2.42202 3.69716 6.24693 129 123 127 0.355217 3 2413 2 2160 4 2145
463 -0.413873 3.75019 5.49458 149 28 34 0.435705 3 2415 2 1960 4 2168 1 1770 8 2564
464 -0.412678 3.74614 5.48478 149 28 34 0.312898 3 2416 2 1961 4 2167 9 2174
465 -0.374991 3.81833 5.46677 152 32 42 0.5795 3 2418 2 1962 4 2253 1 1772
466 0.677717 3.74663 5.29485 177 150 89 0.657685 3 2420 2 1975 1 1778 8 2451 9 2101
467 1.02622 3.75848 5.32714 153 140 86 0.488825 3 2421 2 2088 4 2160 1 1786 6 2164 8 2437 7 2239 9 2083
468 1.02628 3.75933 5.32784 153 140 86 0.299248 3 2422 2 2089 8 2438
469 0.885208 3.93371 5.1954 155 149 119 0.436966 3 2425 2 2087 4 2172 9 1819
470 1.26582 3.90403 5.2726 133 66 65 0.440316 3 2429 2 2094 4 2163 1 1907 6 2161 7 2356 8 2435 9 2084
471 2.03346 -0.171436 7.04771 39 45 54 0.530696 3 2452 2 2019 4 2269 1 1922
472 2.16231 -0.192039 6.9573 69 18 20 1.11734 3 2455 2 2120 4 2267
473 1.35394 0.313712 7.83214 164 186 200 1.14465 3 2459 2 2183 4 2281 5 1897 1 2071 6 2107 5 1818 7 2490 8 2616
474 -0.629831 1.81837 6.48823 27 36 48 0.173141 3 2476 2 2129
475 0.109819 1.78603 6.39097 32 35 38 1.78182 3 2479 2 2130 4 2212 1 2036
476 3.6313 2.11852 7.17519 156 38 53 0.237342 3 2481 2 2145
477 -0.889971 2.9729 5.75978 153 144 167 0.525799 3 2489 2 2142 4 2227 1 1961 9 2472
478 0.732867 3.55989 5.43211 60 64 56 0.441158 3 2497 2 2146 4 2242
479 1.5162 3.63005 5.4576 134 161 183 0.790819 3 2498 2 2156 4 2151 5 1767 1 1989 7 2345 8 2428
480 1.99937 3.61695 6.08197 170 27 43 0.844906 3 2500 2 2158 4 2231 5 1963 1 1901 1 1991 6 2215
481 2.00012 3.61824 6.08659 170 27 43 0.666169 3 2501 2 2159 4 2230 1 1992 6 2216
482 -0.48494 3.6821 5.52255 153 27 34 0.963269 3 2502 2 2078
483 0.891315 3.69807 5.33818 155 145 77 0.243316 3 2504 2 2149 4 2243 1 1898 2 2082 7 2455 8 2536 9 2296
484 0.903986 3.84405 5.2515 140 128 83 0.761983 3 2505 2 2153 4 2248 1 1985 8 2537
485 1.36265 3.84393 5.30504 110 67 60 0.364096 3 2508 2 2091 1 1909 6 2229 7 2441 8 2529 9 2082
486 1.04823 3.9894 5.21847 114 65 53 0.18416 3 2510 2 2161
487 0.697725 0.222001 7.76025 98 96 84 0.469467 3 2523 2 2217 4 2193
488 0.999981 0.378516 7.76117 159 181 194 0.557822 3 2524 2 2182 4 2280 5 1947 6 2324 7 2536 8 2693
489 1.99426 0.277924 7.89446 115 126 124 0.525071 3 2525 2 2126 1 1937
490 2.23117 0.366367 7.93617 72 72 68 0.951182 3 2526 2 2189 4 2279 6 2264 7 2485
491 0.586942 0.851952 7.26339 94 112 120 1.4734 3 2533 2 2223
492 0.439827 1.53049 7.07777 127 150 167 0.624385 3 2536 2 2193 4 2286 5 1954 1 2077 6 2333 7 2547 8 2664
493 -0.129199 2.16373 6.75094 86 79 73 0.512857 3 2539 2 2135 4 2291 5 2005
494 -0.129199 2.16373 6.75094 86 79 73 0.512857 3 2540 2 2136 4 2290 5 2004
495 -0.166162 2.26542 6.67478 146 143 138 1.32028 3 2541 2 2138 4 2294 5 2006 1 2043 9 2570
496 0.940609 3.75905 5.31307 134 91 82 0.407783 3 2548 2 2151 4 2246 1 1987 10 1646
497 0.982471 3.89776 5.2506 140 91 79 0.500637 3 2549 2 2207 4 2302 1 1988 8 2609 9 2300
1214 -0.000418841 0.57114 6.65449 97 102 98 0.0954217 4 222 7 1545 8 1583
105 1.2361 3.69941 5.37854 103 124 147 0.151672 3 900 2 875 4 801 6 1361 7 779 8 443
1220 1.99842 0.148541 7.62989 149 160 172 0.255717 6 1539 7 1741 8 1799
111 1.27255 3.70863 5.38134 165 185 209 0.171294 3 909 2 879 1 631
1221 1.97024 0.204988 7.77232 148 151 159 0.226473 6 1542 7 1742 8 1803 9 1693
112 1.32118 3.68375 5.3921 94 116 140 0.333741 3 910 2 882 4 809 7 706 8 438
1222 1.78347 -0.0773712 7.7805 115 76 90 0.34239 6 1128 7 1747 8 1833
113 1.32118 3.68375 5.3921 94 116 140 0.333741 3 911 2 883 4 810 7 705 8 439
1223 1.87312 0.195146 7.90493 154 159 165 0.22422 6 1554 7 1761 9 1243
114 1.31152 3.70081 5.38265 158 183 204 0.190268 3 912 2 880 6 792 7 708 8 440
1224 1.64908 3.86352 5.43599 174 174 169 0.980816 6 1324 7 1787 8 2049
115 1.3328 3.69588 5.38624 156 180 201 0.404263 3 913 2 886 4 812 1 632 7 707
1225 1.56935 2.72897 8.62681 193 208 226 0.1294 5 1610 7 1792
116 1.19611 3.75564 5.35177 168 183 203 0.173839 3 914 2 871 4 805 1 627 7 783
1226 1.35313 2.6233 6.57028 184 205 224 0.328088 5 1425 7 1795
117 1.24957 3.77571 5.339 99 94 99 0.220094 3 917 2 881 4 819 8 444
1227 1.51517 4.04552 5.21502 56 39 34 0.344729 1 1236 7 1805 8 1736
118 1.39557 3.64777 5.41622 160 181 197 0.447173 3 919 2 889 5 814 1 639 6 1347 7 1423 8 351
1228 1.08624 3.57301 5.42751 108 140 144 0.284888 3 1887 7 1816 8 1812
119 1.42643 3.63458 5.41668 157 181 201 0.397853 3 920 2 897 1 640 6 751 8 350
1229 1.35348 4.07135 5.17169 42 50 88 0.0740157 6 1702 7 1825 8 1755
120 1.41164 3.67654 5.39752 163 183 206 0.486786 3 921 2 890 6 787 7 692
1230 1.26927 4.0947 5.16117 164 188 202 0.135027 1 1232 6 1704 7 1827
121 1.39464 3.69697 5.38281 59 83 113 0.374184 3 922 2 891 4 1365 1 648 6 1355 7 1425
1231 1.19378 4.10655 5.15436 156 184 196 0.709825 4 1425 6 1722 7 1828 8 1778
122 1.45245 3.68504 5.38993 66 80 107 0.351971 3 923 2 902 4 817 1 652 7 693 8 348 6 1319
1232 0.156377 0.23512 6.85211 43 43 47 0.453018 6 1229 7 1841 8 2189 2 171
123 1.45195 3.68578 5.39178 66 80 107 0.278714 3 924 2 901 4 816 1 653 8 349 7 694
1233 0.295781 0.285691 6.8038 82 83 73 0.304536 6 1230 7 1842 8 2158
124 1.45399 3.65339 5.41675 96 114 139 0.465499 3 925 2 898 4 1362 5 1207 1 649 6 1316
1234 4.36271 -4.28496 12.3239 19 19 15 0.549709 6 1965 7 1985
125 1.49139 3.70388 5.39266 148 172 194 0.338493 3 928 2 906 4 826 5 816 1 656 6 1321 8 343
1235 2.10529 -0.3998 7.01399 214 238 250 0.151014 6 1518 7 2008 8 2065
126 1.49107 3.70391 5.39245 148 172 194 0.358851 3 929 2 905 4 827 5 815 1 657 6 1322
1236 1.83716 0.07565 7.80042 161 166 177 0.329081 6 1825 7 2027 8 2107
127 1.46258 3.70308 5.38306 154 179 197 0.199142 3 930 2 903 1 654 8 346
1237 1.58416 4.0756 5.21344 116 139 158 0.571924 6 2040 7 2057 8 2053 1 1672
128 1.4623 3.70461 5.3835 154 179 197 0.320176 3 931 2 904 1 655 6 1323 8 347
1238 1.4542 4.0677 5.18349 148 174 195 0.182573 6 1923 7 2058 8 2055
129 1.45238 3.79305 5.33207 134 121 102 0.46386 3 933 2 896 4 1372
1239 0.335215 0.0444557 6.96036 77 74 70 0.432469 6 1581 7 2067 8 2323 9 437
130 1.99218 3.8437 6.00195 176 128 140 0.0503337 3 939 2 943
1241 1.18329 4.02058 5.20623 149 115 88 0.406339 6 1938 7 2079 8 1776
132 0.937136 3.89278 5.22493 96 64 34 0.352682 3 962 2 859 4 860 1 607
1242 0.112718 0.188901 6.88149 44 41 38 0.445702 2 1009 6 1590 7 2089 8 2353 9 442
133 0.951056 3.96561 5.18493 126 117 82 0.208052 3 964 2 863
1243 0.326755 0.706467 6.57519 107 106 92 0.163252 6 1613 7 2094 8 2139
134 1.19498 3.88523 5.28135 113 77 51 0.254116 3 969 2 873 4 863 1 697 6 866 7 792
1244 0.326755 0.706467 6.57519 107 106 92 0.163252 6 1614 7 2095 8 2140
135 1.35174 3.81323 5.31524 94 66 41 0.147755 3 971 2 895
1245 0.233196 0.681439 6.59016 101 98 86 0.555239 6 1610 7 2097 8 2327
136 1.30472 3.89062 5.27641 183 145 114 0.282062 3 975 2 938 4 867 1 705 6 861 7 788 8 368
1246 1.04628 4.09219 5.1441 171 150 57 0.620111 1 1497 7 2101 8 2089
137 1.36944 3.88082 5.28288 179 146 125 0.166978 3 978 2 939 4 870 1 709 8 365
1247 2.44091 -0.740077 7.19128 209 229 244 0.524341 6 1970 7 2173 8 2409
138 6.08049 -2.38179 10.3322 27 54 67 0.39525 3 1030 2 1034
1248 1.89196 -0.26281 7.20317 117 43 54 0.666689 5 1528 7 2187 9 1664
139 6.19133 -2.40184 10.5581 23 56 66 1.56616 3 1032 2 1449 5 905 6 978
1249 1.77444 -0.240154 7.8097 125 115 113 0.546828 6 1533 7 2193 8 2281 9 1686
140 2.06098 -0.692024 7.08634 19 34 47 0.0288543 3 1080 2 994
1250 0.980668 0.209614 7.84575 149 117 100 1.10177 3 1694 7 2209 1 1541 8 2459
141 2.35913 -0.523423 6.9926 7 23 36 1.14635 3 1089 2 1029
1251 1.62374 4.05702 5.23528 50 39 60 1.07863 6 2039 7 2210 8 2414 4 2165
142 5.38371 -1.2775 9.22375 104 99 95 1.007 3 1094 2 1750 5 922 7 1639
1252 1.48193 4.05353 5.2131 49 37 33 0.441027 1 1670 7 2216 8 2054
143 -1.71453 -0.595879 7.97694 72 69 69 1.13243 3 1107 2 974 4 1046 5 1064 6 1706
1253 1.40973 4.08228 5.18713 125 148 168 0.487177 6 2049 7 2217 8 2071 9 1778
144 -1.58741 -0.508736 8.00169 136 129 119 0.729538 3 1108 2 101 5 1066
1254 0.758586 3.66379 5.33558 14 42 87 0.549995 1 1650 7 2253 8 2290 9 723
145 0.246393 -0.270909 7.12195 49 54 44 0.338726 3 1111 2 990 4 1026 5 1000 6 1572 7 2062 8 2345
1255 0.686626 3.69462 5.3058 15 81 124 0.705557 2 1638 3 1901 7 2261
146 0.246448 -0.272528 7.12436 49 54 44 0.239472 3 1112 2 991
1256 2.1057 -0.515257 7.00744 44 50 63 0.0637504 6 1973 7 2316 8 2419
147 2.06387 -0.114119 7.05554 110 116 126 0.202741 3 1136 2 264
1257 3.07341 3.05042 6.705 121 105 95 0.309184 6 2203 7 2326 8 2402
148 2.27249 -0.1047 7.01626 116 115 120 1.08549 3 1140 2 1088 4 47 5 281 1 914
1258 0.29684 -0.275886 7.13114 74 70 56 0.260717 2 1695 7 2349 8 2565
149 2.12633 -0.0979222 7.0654 103 113 114 0.429842 3 1141 2 1083 4 1496 5 967 6 1079 7 1293 8 1216
1259 1.16277 3.83265 5.30132 99 58 48 0.746246 1 1788 7 2359 8 2436
150 2.17278 -0.0851292 7.06955 108 120 122 0.858427 3 1142 2 1084 4 1013 5 282 1 911 6 291
1260 0.882002 4.00404 5.15942 138 158 162 0.787957 2 2093 7 2371 8 2444
151 2.26424 -0.0723677 7.06263 111 115 116 0.381522 3 1143 2 1085 4 1012 5 283 6 292
1261 2.37289 -0.536268 7.11126 55 67 76 0.190293 6 2083 7 2415 8 2517
152 0.0335278 0.121438 6.91759 11 26 46 0.201057 3 1157 2 1005 4 1529 5 1346 6 1855 7 2103 8 2366
1262 3.68226 2.58567 6.98777 153 151 143 0.965461 6 2265 7 2416 8 2585 9 2407
153 0.267755 0.0693549 6.95478 11 15 10 0.377393 3 1160 2 1015 5 1005
1263 2.06821 -2.28133 9.41087 39 42 49 1.20492 6 2180 7 2424 8 2653
154 0.28016 0.241905 6.83868 44 51 43 0.493661 3 1161 2 1014 4 193 5 467 6 1595 7 2092
1264 0.791277 0.593008 7.82348 140 157 173 0.60483 6 2272 7 2437
155 1.86498 0.0717508 7.70895 66 47 62 0.142786 3 1164 2 327
1265 2.46585 -0.799077 7.12325 81 89 97 1.57112 6 2256 7 2477 8 2678
156 0.048365 0.529346 6.67925 23 23 21 0.232004 3 1178 2 1073 4 1099 5 1048 6 1606 7 2107 8 2193
1266 0.202938 -0.324408 7.16484 44 43 45 0.474848 6 2269 7 2538 8 2665 9 2419
157 1.14287 0.372537 7.71587 140 26 45 0.534639 3 1184 2 1116
1267 7.70525 2.81454 7.38437 146 147 138 0.806383 6 2398 7 2592 9 2611
158 1.86646 0.191505 7.88572 122 134 132 0.364277 3 1186 2 332 4 1533 5 1325 6 1553 7 1760 8 1841
1268 1.93956 3.27793 5.95911 0 0 0 0.870589 1 2095 3 2698
159 1.89635 0.183718 7.84268 44 50 57 0.539911 3 1187 2 333 4 1063 5 977 1 908 6 1552 7 1759 8 1807
1269 1.42833 3.97111 5.24925 187 171 64 0.652219 6 2427 7 2619 8 2716
160 1.95527 0.189657 7.79982 115 127 131 0.528716 3 1189 2 336 4 1065 1 180 6 1146 7 1342 8 490
498 -0.155047 4.21666 5.67843 163 157 161 0.407177 3 2552 2 2148 4 2306 1 1980
1270 3.00384 2.12844 7.0493 25 33 32 1.20732 1 2220 7 2659 8 2768
161 1.91805 0.261028 7.97849 68 67 69 0.586976 3 1190 2 403 4 1535 1 178
499 1.9103 -0.188605 7.40839 88 27 25 2.00874 3 2560 2 2175 4 2357
1271 1.88938 -1.26617 8.80433 155 146 137 0.92762 6 2490 7 2685 8 2805
500 0.83411 0.353349 7.73986 54 51 44 1.72018 3 2563 2 2181 4 2316 5 1988 1 2107 6 2327 7 2537 8 2696
1272 1.50643 2.16316 6.95218 184 207 242 1.16636 5 2150 7 2691
163 2.0533 0.262393 7.81331 41 46 53 0.411474 3 1194 2 406 4 1076 5 984 1 947 6 1153 7 1309 8 484 9 310
1274 1.92932 -0.0173392 7.44804 92 88 81 1.36227 6 2195 7 2429 9 2401
165 2.12658 0.218418 7.68453 132 123 131 0.244824 3 1197 2 343 5 348
503 -0.982893 1.13719 6.4544 100 66 51 0.133181 3 2571 2 2179
1275 4.71253 -4.20543 11.8432 21 33 39 1.34882 6 2251 7 2522 9 2499
166 2.1621 0.219424 7.68042 53 38 50 0.403462 3 1198 2 1159 4 1079 2 1158 5 986 6 1141
1276 1.96764 -2.12399 9.47718 165 158 148 1.65881 6 2356 7 2569
167 2.1181 0.290563 7.82694 82 90 96 0.398395 3 1199 2 407 4 1078 5 350 6 386 6 388
505 -0.31412 2.11883 6.84447 134 130 131 0.857267 3 2578 2 2195 4 2331
1277 4.57075 1.79782 7.93081 171 162 153 1.42884 6 2467 7 2631
168 -1.08215 0.813794 6.64782 117 196 237 0.358866 3 1203 2 218 4 1129
506 0.207971 2.09876 6.698 117 139 153 1.56229 3 2579 2 2229 4 2332 5 2001 1 2082 6 2286
1278 3.39269 2.34464 7.06457 175 198 217 0.9182 6 2436 7 2634 9 2761
169 -1.01725 0.743498 6.72082 32 55 86 0.690948 3 1207 2 1050 4 1570 5 1599
507 1.00716 3.69643 5.36374 141 145 147 0.908145 3 2584 2 2205 4 2345 7 2540 8 2649 9 2433
1279 0.104267 -0.133836 7.05353 113 136 150 0.302674 5 1549 6 2001 3 1983 2 1694 4 1807 7 2360 8 2569 9 1720
170 -0.827003 0.82739 6.64313 172 175 163 0.617281 3 1217 2 1059
508 0.0223634 4.08106 5.75853 157 151 155 0.22128 3 2589 2 2204 1 1981
1280 2.26707 0.535295 7.89193 133 129 123 0.749301 2 2264 1 2143 7 2572 3 2568 2 2225 4 2317 5 1985 6 2320 8 2720 9 2528
171 -0.979842 0.603199 7.26347 121 107 95 0.33515 3 1220 2 225
509 0.734049 3.86009 5.24004 173 177 175 0.640529 3 2590 2 2206 4 2348 1 2060
1318 0.432341 1.84948 6.89175 186 206 242 0.787674 5 2128 8 2800
209 2.62681 3.11522 6.45932 105 130 153 0.817323 3 1395 2 786 4 1220 5 592 1 596 6 501 7 504 8 164
1320 1.175 0.802906 7.59704 181 201 235 0.243256 7 2696 8 2813
211 -0.503888 3.16556 5.73554 148 158 176 0.132036 3 1406 2 638
1321 0.723627 2.86573 6.4848 68 66 62 1.54055 7 2586 8 2656 2 2202 1 2048
212 -0.531252 3.2806 5.67359 104 70 93 0.569316 3 1423 2 635 4 1288 1 426
1322 0.807445 2.21147 6.76248 12 21 21 1.9955 1 2234 7 2692 3 2736 2 2347 4 2477 5 2153 6 2509 8 2807
213 -0.355671 3.38664 5.64436 77 74 89 0.123519 3 1434 2 1286
1323 1.08358 3.57084 5.42534 44 74 85 0.464735 3 1888 7 1817 3 2121 4 1939 8 1813
214 -0.409523 3.4604 5.56959 98 70 83 0.524947 3 1436 2 1282 8 2201
1324 2.06387 -2.2315 9.44166 57 54 63 1.35224 7 1282 8 1382 9 1998
215 -0.186162 3.41574 5.64835 81 78 92 0.965853 3 1451 2 1293 4 1326
1325 1.80858 -2.15726 9.4018 31 57 75 1.48327 7 2427 8 2613 9 2388
216 -0.157829 3.44574 5.66227 88 78 94 0.463268 3 1452 2 681 4 1330
1326 2.07086 -0.0303081 7.3132 112 53 56 1.82927 7 2566 8 2643
217 0.00169958 3.3996 5.73708 102 68 76 0.504748 3 1454 2 1302 8 2144
1327 2.10984 0.124454 7.51604 135 146 152 1.18004 7 2571 8 2644
218 1.99585 3.58895 6.10848 145 25 54 0.0222518 3 1457 2 842
1328 2.4512 1.78581 7.17229 8 13 14 2.51173 2 2341 7 2678 6 2491 3 2724 4 2467 5 2140 1 2224 9 2847 10 2649
219 2.48248 3.49191 6.23137 88 79 75 0.41475 3 1460 2 1389
1329 1.33724 4.10076 5.17448 152 181 200 0.455774 4 1766 1 1509 8 1756 6 1925 7 2078
220 0.526019 3.58389 5.44892 50 69 95 0.186882 3 1482 2 739 4 769
1330 1.8304 2.37947 6.78304 16 25 29 1.94426 3 2694 2 2316 4 2442 5 2111 6 2448 7 2641 7 2667 8 2772 6 2473 9 2771 10 2557
221 0.64211 3.53879 5.39083 46 37 56 0.0180268 3 1483 2 743
1219 1.83237 -0.333673 7.92828 126 116 116 0.460588 6 371 7 1738 8 2100
110 1.27064 3.70998 5.37907 165 185 209 0.446925 3 908 2 878 4 811 1 630 6 1362 7 778 8 441
264 0.914928 3.97351 5.18335 116 83 67 0.567551 3 1584 2 860 4 904 1 688 7 1009 8 1341
1346 1.64455 2.08926 6.98136 207 229 251 0.0453933 9 2891 10 2664
237 0.729713 3.61875 5.35184 0 60 117 0.232009 3 1518 2 1323
1287 1.78554 0.112406 8.00526 107 98 101 0.334944 7 1341 8 563 6 1167
178 -0.904797 1.3882 6.26856 123 77 72 0.394651 3 1268 2 1127 4 1180
516 1.17485 0.269021 7.8178 177 19 19 0.710848 3 2605 2 2256 4 2363 5 2027 6 2415 7 2615 8 2753
1333 -0.845787 2.51079 6.03711 161 36 48 0.801858 3 2266 9 1484
224 0.75541 3.54555 5.39429 103 107 93 0.173963 3 1488 2 1325 4 1340 1 532
1316 3.06673 2.17681 7.14317 20 28 27 1.43847 6 2469 7 2658 8 2767 9 2816
207 -0.635731 2.99084 5.79308 63 60 86 0.315382 3 1392 2 602 4 634 1 375
1218 1.85028 -0.433541 7.20339 182 173 185 0.131443 6 1099 7 1730 8 1793
109 1.27425 3.69005 5.38649 104 119 143 0.296865 3 906 2 1361 1 620 6 1359 7 1463 8 1286
263 1.14732 3.82893 5.31219 82 47 34 0.492388 3 1574 2 1358 1 617
1345 1.64581 1.34912 7.3154 25 33 34 1.40634 1 2233 10 2672 8 2812
236 0.67084 3.79656 5.27206 169 149 123 0.292894 3 1517 2 801 8 1378 1 567
1286 1.35052 3.98202 5.23212 169 159 151 0.544166 3 977 8 374 4 873
177 -0.90779 1.32372 6.34188 166 134 112 0.118593 3 1267 2 368
515 0.243822 -0.256149 7.12154 40 42 35 0.810444 3 2604 2 2247 4 2397 5 2068 6 2445 7 2645
1315 0.482693 2.21344 6.63766 0 0 0 1.092 1 2151 6 2455
206 -0.742467 2.98282 5.78141 68 76 100 0.243901 3 1388 2 1248 4 632
1217 5.26147 3.93784 6.49006 170 171 169 0.526239 6 1522 7 1668 8 1673
108 1.32492 3.66124 5.40328 157 182 201 0.282137 3 905 2 885 1 624 8 436
262 1.07074 3.94001 5.23671 110 79 59 0.282634 3 1570 2 867 4 864 1 696 8 1296
1344 2.55344 2.00669 7.06895 200 215 237 0.529444 9 2415 10 2435
235 -0.312622 3.81116 5.47384 118 40 69 0.520245 3 1516 2 714 4 1411 1 497 8 1949
1285 2.33667 2.59616 6.72227 15 26 46 0.491311 6 492 8 259 10 774
176 -0.747289 1.30268 6.34316 84 105 138 0.335077 3 1265 2 1132 4 1161
514 -1.25568 -1.21213 8.89595 9 23 27 1.32907 3 2599 2 2166 4 2396
1314 0.482693 2.21344 6.63766 0 0 0 1.092 1 2150 6 2454
205 -0.742762 2.98341 5.78399 68 76 100 0.260082 3 1387 2 1249 4 631 1 1032
1216 0.689087 3.60047 5.36063 71 133 176 0.177572 1 568 7 1577 8 1376
107 1.32453 3.66176 5.40396 157 182 201 0.272577 3 904 2 884 4 808 1 623 8 435
261 0.852595 3.91319 5.20103 157 148 116 0.659631 3 1567 2 1355 4 1416 1 603 7 1899
1343 2.80449 2.14561 7.03561 0 0 0 0.388334 5 1560 7 1734
234 -0.369511 3.78409 5.48556 203 148 173 0.364171 3 1515 2 712 4 1410 8 1528
1284 2.54015 1.94746 7.13423 33 43 66 0.230808 7 496 8 256
175 -0.829289 1.24386 6.37946 87 105 134 0.673899 3 1263 2 1103 4 349 5 1138
513 -1.93479 -1.41937 8.66121 15 47 77 0.710087 3 2596 2 2238 4 2353 5 2033
1313 1.29113 -2.73605 10.0952 24 29 33 0.665106 7 2606 8 2726
204 -0.771837 2.97291 5.7753 91 100 129 0.281871 3 1386 2 1237 4 1268 1 1030 9 931
1215 -0.0146375 0.667285 6.60403 88 93 98 0.196329 6 696 7 1569 8 1585
106 1.32082 3.64457 5.40987 102 122 146 0.687225 3 901 2 826 4 807 1 622 6 1351 7 702 3 902
260 0.867925 3.86881 5.24177 92 57 47 0.45859 3 1566 2 1352 4 1394 1 606 7 1560 8 519
1342 2.03446 0.205151 7.70797 69 43 58 0.319285 3 1191 2 338 4 1072 5 979 9 304 6 1150 7 1305 8 1310
233 -0.369511 3.78409 5.48556 203 148 173 0.364171 3 1514 2 711 4 1409 8 1529
1283 2.83888 2.13636 7.079 25 34 49 0.586894 7 466 8 193
174 -1.28354 1.36809 6.25329 152 177 207 0.360136 3 1261 2 284 4 1175
512 -1.93479 -1.41937 8.66121 15 47 77 0.710087 3 2595 2 2237 4 2354 5 2032
1213 0.117136 0.600565 6.63273 95 92 84 0.221686 6 657 7 1542 8 1575
104 0.982157 3.74511 5.33253 95 83 50 0.163522 3 895 2 818 4 800 8 516
258 0.841121 3.86698 5.23051 152 117 113 0.0688681 3 1563 2 856
1340 13.3303 -10.0534 56.3368 29 27 34 0.394606 7 2331 9 2466
231 -0.284104 3.77048 5.48164 199 165 181 0.241722 3 1512 2 1308 4 1412 1 499
1281 2.78187 1.34914 7.4617 103 95 101 0.581919 2 1566 1 1613 7 1733 5 1010 6 1155 3 1282 8 1715
172 -1.39491 1.21251 6.37508 34 35 68 0.139656 3 1259 2 1098
510 1.04063 3.82555 5.29806 148 128 81 0.471659 3 2591 2 2208 4 2300 1 2061 7 2541 8 2606
1212 0.133483 0.588312 6.63775 46 39 32 0.223 6 656 7 1541 8 1511
103 0.941674 3.72998 5.33199 83 53 63 0.359763 3 894 2 1338 4 799 1 608
1339 1.32245 2.24531 6.8517 205 231 249 0.791354 7 675 9 1311
230 -0.353163 3.73942 5.50173 198 167 188 0.456426 3 1510 2 709 4 890 1 495 8 1526
1211 0.0549376 0.45818 6.72713 56 46 50 0.104249 6 636 7 1539 8 927
102 0.815967 3.74907 5.31811 132 118 96 0.112911 3 885 2 811
1338 1.86362 0.0557513 7.81525 98 59 70 3.05009 6 1136 9 298 7 1331 9 294
229 2.2702 3.63047 6.11025 188 181 196 0.245871 3 1503 2 1387 4 1685 1 1204
1337 0.808614 2.23018 6.76238 24 35 35 0.870532 1 2235 9 2872 10 2644
228 1.15312 3.49181 5.47911 36 33 50 0.116571 3 1498 2 772 4 708
1336 2.30816 2.28882 6.83797 0 0 0 0.505586 7 2679 8 2791
227 1.02391 3.55323 5.43167 4 32 70 0.494423 3 1497 2 1341 4 1302 1 1138 6 1690 8 1331
1335 -1.87746 -1.02995 8.9546 24 22 29 1.02324 5 1586 9 1864 6 2152
226 0.971294 3.54048 5.43232 97 107 87 0.390672 3 1496 2 1327 4 1301 1 1135 6 1688 7 1856
1334 6.98997 -1.38413 8.63725 192 221 226 0.542665 6 1736 7 1585 9 1594
225 0.862652 3.54465 5.41114 100 108 99 0.454474 3 1492 2 752 4 773 6 1418 8 1364
1312 1.93956 3.27793 5.95911 0 0 0 0.870589 1 2096 3 2699
203 -0.858399 2.92849 5.78733 80 84 107 0.675086 3 1383 2 1234 4 622 1 1029 9 936
541 2.01989 1.70954 7.18522 154 187 202 1.02865 3 2685 2 2310 4 2435 5 2101 1 2201 6 2470 7 2663 8 2770 6 2443 9 2765 10 2608
1310 2.09754 -2.29289 9.48629 28 44 52 0.679298 7 2423 8 2652
201 2.83514 2.90194 6.59197 109 132 158 0.552724 3 1379 2 792 4 532 5 548 1 1115 6 460 7 501
539 3.99954 0.227814 7.80102 121 119 109 1.30815 3 2679 2 2305 4 2431
1309 -0.462242 3.35619 5.65144 86 78 96 0.944827 1 1757 8 2568 9 2168
200 2.83514 2.90194 6.59197 109 132 158 0.552724 3 1378 2 793 4 533 5 549 1 1116 6 461 7 500
538 -0.246674 4.10274 5.79349 103 93 90 0.159843 3 2672 2 2270
1308 0.124978 0.109121 6.92635 43 42 51 0.825769 7 2362 8 2476 9 1723
199 -0.342732 2.78651 6.40466 140 133 136 0.992819 3 1377 2 1572 4 1249 1 1026
537 0.24228 3.60561 6.03393 151 141 139 0.850065 3 2666 2 2293 4 2427 1 2129
1307 0.715664 3.77217 5.26354 134 116 61 1.06185 7 2375 8 2452 2 1838 9 1820
198 3.59247 2.54851 6.93525 68 58 52 0.292517 3 1362 2 1625 4 460 1 561
1306 1.89155 -0.557977 7.09186 124 63 67 0.522395 7 2321 8 2429 9 1980
197 -0.788984 2.52683 6.06523 198 140 151 0.298598 3 1358 2 1214 1 1402
535 -1.0763 2.98049 5.80954 154 24 30 1.37878 3 2660 2 2290
1305 1.85216 -0.550646 7.17774 164 166 175 0.289121 7 2186 8 2276 9 1981
196 -0.787509 2.52703 6.06339 198 140 151 0.332672 3 1357 2 1213 4 1232 1 1401
534 3.77658 2.33477 7.11997 97 87 73 2.04255 3 2659 2 2294 4 2415 5 2029 1 2160 6 2318 7 2526 9 2531 8 2638
1304 1.06219 1.97814 6.90188 168 190 204 0.984212 7 1793 8 2116 6 2009
195 -1.2257 2.47989 5.98129 213 175 186 0.20825 3 1354 2 480 4 1245
533 -0.649602 2.15516 6.67933 81 79 75 0.74146 3 2658 2 2265 4 2416 1 2147
1303 0.698516 3.62784 5.35082 0 66 122 1.04689 2 1631 8 2112 1 1472
194 3.44106 2.29833 7.01769 106 132 150 0.634818 3 1345 2 695 4 454 5 478 1 1087 8 133 10 922
532 3.25753 1.9221 7.1884 142 173 189 1.7639 3 2657 2 2291 4 2413 5 2028 6 2367 6 2412 7 2604 8 2707 1 2187 9 2627
1302 0.856201 3.88206 5.21722 100 77 58 0.639949 4 1954 7 2112 8 2094 9 1423
193 3.44012 2.29773 7.0147 106 132 150 0.692792 3 1344 2 696 4 455 5 479 1 1088 8 134
531 -1.09804 1.58187 6.07112 7 41 97 1.43839 3 2656 2 2259 4 2374
1301 0.171066 0.350923 7.04004 0 0 0 0.132453 6 1257 7 1494
192 -0.936922 2.3672 6.12706 190 143 150 0.461 3 1342 2 1198 4 1228 1 1005
530 0.629187 1.23148 7.2273 96 118 130 1.0879 3 2655 2 2263 4 2408 5 2073 1 2145 6 2420 8 2755
1300 -0.28661 3.33864 5.67766 95 102 110 1.00679 1 1052 8 1941 3 1426
191 3.70966 2.12642 7.14443 171 171 184 0.116706 3 1336 2 1304
529 -1.48105 1.21127 6.34845 5 42 102 1.66115 3 2651 2 2252
1299 -0.272882 3.27146 5.72557 60 52 72 0.0796497 1 1050 8 1934
190 3.51127 2.17735 7.05069 158 173 189 0.273464 3 1334 2 1616 4 1168 1 1460
528 2.82117 0.849427 7.78288 133 130 127 1.35753 3 2650 2 2307 4 2404 1 2197
1298 0.366872 -0.201056 7.08024 44 33 53 0.479651 3 228 8 1915 6 1201
189 3.36183 2.05955 7.14069 98 38 62 0.0306349 3 1330 2 1601
527 -0.963167 0.832708 6.67551 84 153 192 1.65925 3 2648 4 2407 5 2079 2 2280
1297 1.75699 0.000475982 7.97525 159 170 181 0.251265 6 1549 8 1838 9 1708
188 3.36198 2.05952 7.14318 98 38 62 0.0556552 3 1329 2 1600 10 1455
526 3.26636 -0.00762554 8.20911 131 130 125 0.605359 3 2647 2 2303
1295 2.37116 2.5926 6.74066 179 201 213 0.290162 5 1396 8 1730 10 1759
186 -0.874794 1.88071 6.21636 39 51 66 0.043182 3 1315 2 1171
524 1.98982 -0.0726123 7.32378 82 33 32 0.772946 3 2644 2 2250
1294 5.19091 3.9772 6.46837 152 162 163 0.52312 6 1083 7 1198 8 1674
185 -0.874794 1.88071 6.21636 39 51 66 0.043182 3 1314 2 1170
523 -2.60745 -0.722843 8.64385 14 17 20 0.866443 3 2643 2 2242 4 2403
1293 0.312076 0.622379 6.61831 38 35 25 0.242985 6 653 7 1507 8 1447
184 -0.820939 1.67718 6.35645 10 27 61 0.276166 3 1297 2 1175
522 -3.00938 -1.32631 9.75896 116 125 118 1.1434 3 2642 2 2236
1292 0.816721 3.61599 5.37565 4 58 103 1.12931 7 1555 8 1371 4 1341
183 -1.12915 1.4767 6.20725 164 194 213 0.362564 3 1287 2 1126 4 1177
521 1.17359 2.20777 6.8118 20 30 33 1.09361 3 2624 2 2267 5 2043 1 2155 6 2422 7 2617 8 2723
1291 1.85131 -0.128937 7.4845 160 160 173 0.469109 6 1124 7 2021 8 1308 9 285
182 -0.617968 1.41175 6.27423 78 99 134 0.731145 3 1275 2 1135 5 1149
520 1.17359 2.20777 6.8118 20 30 33 1.09361 3 2623 2 2268 5 2044 1 2154 6 2421 7 2618 8 2724
1290 1.55561 3.72369 5.43487 137 168 184 0.0840145 6 752 7 1383 8 1221
181 -0.687903 1.35697 6.33805 84 105 134 0.423835 3 1271 2 378 4 365 5 689
519 3.51161 2.06244 7.14057 161 31 40 1.28543 3 2622 2 2292 4 2371 1 2159 6 2362 7 2562 8 2675 9 2530
1289 1.0434 1.95794 6.92053 23 27 44 0.134344 2 531 8 614
180 -0.71288 1.35599 6.3289 173 198 215 0.293806 3 1270 2 377 5 1144
518 4.38247 1.01147 7.15965 147 34 0 1.49956 3 2612 2 2288 4 2314 5 1940 6 2179 7 2294
1288 0.764126 3.69826 5.31295 122 120 91 0.370841 2 805 7 1006 8 594
179 -0.711977 1.35579 6.32772 173 198 215 0.297499 3 1269 2 376 4 364 5 1143
517 1.97681 0.205252 7.94189 103 115 121 0.569877 3 2606 2 2262 4 2401 5 2065
1282 4.23396 1.53359 7.61418 139 131 119 0.655883 3 2575 2 2231 4 2283 1 2087 7 2475 5 1983 6 2313 8 2581 9 2527
173 -1.34988 1.35831 6.31844 21 42 102 0.0120499 3 1260 2 283
511 0.948007 4.00728 5.12576 138 146 148 0.0326015 3 2592 2 2211
1210 0.100771 0.464146 6.71751 40 34 36 0.329257 6 631 7 1537 8 923
101 0.766091 3.71661 5.30541 109 84 44 0.162953 3 884 2 806
1209 1.05757 4.04962 5.1683 120 89 55 0.374371 1 1212 7 1525 8 1298
100 0.869157 3.68597 5.31443 168 161 99 0.203714 3 882 2 808
1207 0.324847 0.641462 6.6088 99 97 87 0.129926 6 589 7 1508 8 1446
98 0.791962 3.63486 5.35607 116 155 202 0.142179 3 875 2 803 4 783 7 1001 8 591
1206 0.232034 0.546258 6.65968 103 103 95 0.405206 6 646 7 1506 8 1494
97 0.665706 3.76429 5.2845 168 148 111 0.166954 3 873 2 800 8 1379
1205 0.232034 0.546258 6.65968 103 103 95 0.405206 6 645 7 1505 8 1495
96 -0.337334 3.82047 5.47332 221 144 172 0.636432 3 863 2 713 8 1524
1204 0.17926 0.534094 6.66174 102 104 99 0.30789 6 648 7 1504 8 1498
95 2.3682 3.70445 6.21096 84 79 82 0.409639 3 855 2 1388 4 650
1203 0.269427 0.553372 6.65779 99 99 91 0.400115 6 647 7 1497 8 1491
94 1.53937 3.61762 5.48437 139 165 187 0.285466 3 854 2 907 4 722 5 802 1 660
1202 0.252593 0.0948852 6.92648 79 80 71 0.314306 6 578 7 1491 8 1923
93 1.45972 3.6184 5.43417 92 112 136 0.278452 3 852 2 900 4 719 1 641
1201 0.206422 -0.093008 7.0275 89 87 75 0.142531 6 526 7 1486 8 1957
92 1.37553 3.63382 5.42041 103 117 143 0.396028 3 848 2 827 4 714 5 1205 6 1348 7 689 8 352
1200 0.13037 -0.106598 7.0327 51 49 54 0.237328 6 576 7 1485 8 1549
91 1.16136 3.52747 5.46986 21 36 61 0.325042 3 847 2 823 4 712
1199 0.164228 -0.338459 7.16087 91 89 80 0.165942 6 516 7 1483 8 1954
90 1.16878 3.51088 5.47203 96 104 96 0.617946 3 846 2 822 4 711 1 586 6 1656 8 1281
1198 1.24186 4.12035 5.13357 165 190 204 0.178083 6 1423 7 1475 8 1248
89 1.17004 3.50861 5.46845 96 104 96 0.468059 3 845 2 821 1 587 7 1460 8 1280
1197 0.29352 0.0986265 6.91513 80 80 76 0.33719 6 541 7 1458 8 1922
88 1.01288 3.53578 5.44029 94 108 112 0.471787 3 841 2 764 4 698 1 578 6 848 7 883
1196 0.402603 0.145922 6.8793 77 76 68 0.552028 6 543 7 1456 8 1432
87 1.0126 3.53562 5.43957 94 108 112 0.447554 3 840 2 763 4 699 1 577 6 849 7 882 8 510
1195 0.265045 -0.0381772 6.99256 52 42 39 0.190137 6 539 7 1453 8 1921
86 0.932812 3.54078 5.42425 103 111 104 0.257518 3 839 2 758 4 788 1 573 6 1387
1194 0.265045 -0.0381772 6.99256 52 42 39 0.190137 6 538 7 1452 8 1920
85 0.931849 3.5417 5.42489 103 111 104 0.390485 3 838 2 757 4 787 1 572 6 1388 7 888
1193 0.27764 -0.0174026 6.98493 89 86 72 0.258318 6 540 7 1451 8 1478
84 1.03716 3.53392 5.44315 98 108 93 0.40942 3 832 2 765 4 700 1 580 6 1391 7 1512 8 508
1192 0.34286 -0.0291136 6.98574 36 33 28 0.0903236 6 1204 7 1447 8 1917
83 0.976725 3.47113 5.45072 105 101 90 0.0877163 3 829 2 760
1191 0.4035 -0.150755 7.04948 105 120 144 0.307784 6 521 7 1440 8 1912
82 0.823666 3.76854 6.44231 189 189 167 1.85509 3 828 2 768
1190 0.483915 0.0123285 6.95773 93 90 87 0.384183 6 536 7 1405 8 1424
81 0.844853 3.59053 5.38511 90 135 150 0.171717 3 826 2 754 4 777
1189 0.501674 -0.00460585 6.97282 48 41 43 0.219004 6 535 7 1404 8 1894
80 0.687488 3.5603 5.3579 19 53 93 0.0811154 3 822 2 749
1188 0.488976 -0.138832 7.04342 101 109 126 0.223493 6 479 7 1399 8 1892
79 -0.427543 3.6611 5.53108 225 129 152 0.431354 3 811 2 706 4 842 8 1618
1187 0.499811 -0.215714 7.08821 108 118 141 0.256747 6 476 7 1397 8 1885
78 -0.427543 3.6611 5.53108 225 129 152 0.431354 3 810 2 705 4 843 8 1617
1186 1.53642 1.93749 6.97234 48 61 93 0.427403 5 1077 7 1370 8 1323
77 -0.474893 3.1442 5.74982 149 163 183 0.282579 3 750 2 605 8 1602
1185 1.85732 0.154977 7.86597 77 67 77 0.441281 4 1058 7 1334 8 1839 9 302
76 -0.553753 3.11848 5.73806 79 72 96 0.16033 3 744 2 604 4 670
1184 1.84967 0.10537 7.80261 165 172 185 0.328292 6 1140 7 1333 9 301
75 -0.783021 3.17175 5.70205 112 88 110 0.164729 3 739 2 600 4 668 1 396
1183 1.77651 -0.112059 7.84687 116 82 98 0.157941 6 374 7 1321 8 1348 9 287
74 -0.783021 3.17175 5.70205 112 88 110 0.164729 3 738 2 599 4 667 1 395
1182 1.7887 -0.107314 7.80035 199 182 193 0.192878 6 375 7 1320 8 1346
73 2.58989 3.14596 6.42344 102 128 149 0.0466713 3 728 2 784
1180 2.00351 -0.162084 7.10004 150 153 161 0.101571 6 1108 7 1295 8 1270
71 -0.669331 2.98188 5.80969 147 160 182 0.1604 3 714 2 601
1179 1.8752 -0.387582 7.14669 176 170 184 0.450679 6 1101 7 1285 8 1791 9 226
70 3.50751 2.63771 6.94104 59 52 47 0.169141 3 675 2 1318
1178 1.97431 -2.82918 9.85752 36 34 44 0.172719 6 226 7 1280 8 2126
69 -0.858135 2.44976 6.09445 202 136 151 0.344473 3 657 2 492 4 552 1 1016
1177 2.064 -0.352468 6.94593 92 103 117 0.132494 6 282 7 1273 8 1745
68 -0.858135 2.44976 6.09445 202 136 151 0.344473 3 656 2 493 4 553 1 1015
1176 2.09291 -0.350642 6.93548 215 236 250 0.188615 5 268 7 1272 8 1744
67 3.8276 2.37197 7.08058 68 60 52 0.576267 3 646 2 1626 4 461 1 516
1175 2.47058 -0.371986 7.00275 73 88 101 0.238133 6 246 7 1252 8 1727
66 3.40072 2.33643 6.99164 96 121 143 0.553754 3 644 2 698 5 480 6 392 8 136
1174 2.52772 -0.472819 7.06024 95 104 119 0.312581 6 206 7 1247 8 1722
65 3.40072 2.33643 6.99164 96 121 143 0.553754 3 643 2 697 5 481 6 393 8 135
1173 6.27569 -2.54707 10.6179 15 21 31 0.471484 6 65 7 1131 8 1112 9 110
64 3.74871 2.15103 7.14445 164 178 185 0.583433 3 619 2 701 5 427 1 1092 8 108
1172 0.0893921 0.67186 6.59818 38 34 35 0.141608 6 660 7 980 8 1579
63 3.45985 1.9258 7.20023 168 161 172 0.415766 3 597 2 666 4 334 1 458
1171 0.00481596 0.592624 6.65843 42 43 45 0.247048 6 688 7 970 8 940
62 -0.941328 1.80171 6.08382 15 32 66 0.301397 3 572 2 421
1170 0.0331495 0.573612 6.64756 43 37 42 0.270687 6 641 7 968 8 1581
61 -0.140887 1.65208 6.34423 96 111 124 1.1559 3 555 2 1181 5 638 6 1678
1169 0.0763464 0.509803 6.68248 123 125 118 0.282761 6 639 7 961 8 1568
60 -0.140887 1.65208 6.34423 96 111 124 1.1559 3 554 2 1182 5 639 6 1679
1168 0.063425 0.420256 6.75433 38 34 37 0.232883 6 632 7 948 8 1569
59 -1.10007 1.4879 6.19844 37 57 86 0.494364 3 534 2 363 4 428 5 1175 9 803
1167 0.0720576 0.355375 6.77815 44 43 47 0.232627 6 630 7 943 8 913
58 -1.19102 1.47118 6.20189 16 44 98 0.409513 3 526 2 362 4 427 5 1196
1166 0.291548 0.616743 6.61976 49 40 33 0.101189 6 651 7 863 8 1499
57 -0.794495 1.24454 6.38617 173 195 213 0.187951 3 477 2 299 4 354 5 1137
1165 0.223245 0.617546 6.62024 94 94 89 0.212851 6 654 7 857 8 1503
56 -0.849258 1.25495 6.37799 173 193 208 0.220613 3 474 2 297 4 351 5 665
1164 0.271989 0.339714 6.77718 47 42 44 0.360578 6 580 7 842 8 1489
55 -0.967002 1.39 6.28117 113 73 62 0.325819 3 473 2 364 4 431 5 1171
1163 0.145978 -0.321996 7.15639 63 64 68 0.0971311 6 517 7 814 8 1537
54 -1.03068 1.43727 6.27424 144 110 65 0.127437 3 471 2 366
1162 1.30542 4.11155 5.14708 153 169 197 0.14235 6 882 7 803 8 381
53 -1.03068 1.43727 6.27424 144 110 65 0.127437 3 470 2 365
1161 1.33893 4.05453 5.18283 167 170 174 0.0508766 6 875 7 796 8 373
52 -1.24844 1.40081 6.24731 150 178 205 0.374561 3 461 2 285 4 419 5 1195
1160 1.33893 4.05453 5.18283 167 170 174 0.0508766 6 874 7 795 8 372
51 -1.24095 1.37795 6.29278 166 187 207 0.192742 3 460 2 287
1159 0.399465 -0.0018985 6.97453 91 87 78 0.387191 6 537 7 737 8 1468
50 -1.32177 1.33547 6.27598 147 176 206 0.363104 3 457 2 282 4 1171 5 1166
1158 1.53089 4.0577 5.20147 152 172 194 0.508396 1 1239 6 796 7 710
49 -1.34714 1.28637 6.30686 11 39 97 0.456867 3 456 2 281 5 740
1157 1.29275 3.63789 5.4127 178 186 177 0.267525 4 806 7 703 8 437
48 4.28521 0.949782 7.00502 76 39 0 0.361163 3 443 2 550
1156 1.37744 3.70967 5.38446 171 200 212 0.120053 6 789 7 701 8 360
47 -0.649639 1.07643 6.49502 101 113 115 0.202287 3 429 2 305 4 313
1155 1.3988 3.71292 5.37095 171 192 207 0.154145 1 651 7 699 8 358
46 -0.689471 1.04226 6.51346 104 113 115 0.209147 3 424 2 303 4 311 5 614
1154 1.3988 3.71292 5.37095 171 192 207 0.154145 1 650 7 698 8 359
45 -0.751915 0.987549 6.5419 98 111 107 0.365582 3 421 2 301 4 307 5 1118
1153 0.469136 -0.0765437 7.01187 41 44 54 0.18411 6 481 7 657 8 1422
44 -0.964291 1.17215 6.42281 138 99 85 1.10436 3 412 2 295 4 347
1152 0.426383 -0.225487 7.10029 77 89 104 0.127188 6 473 7 652 8 1457
43 1.37428 0.750088 7.583 114 144 163 0.305001 3 392 2 401 5 475
1151 1.59596 4.06117 5.21558 133 145 169 0.0808688 6 1365 7 635 8 265
42 1.99325 0.334619 7.97335 132 132 129 0.263307 3 363 2 404 4 166 6 423
1150 1.14667 0.379252 7.74294 182 47 73 0.411836 6 487 7 615 8 641
41 1.96815 0.240363 7.83083 122 134 138 0.273875 3 361 2 339 4 1074 5 346 6 1149
1149 1.76822 -0.0123733 8.12824 118 107 108 0.518333 6 414 7 518 8 1351
40 2.06205 0.203875 7.6859 135 122 130 0.214551 3 360 2 341 4 1070 5 344 6 381 7 489 8 481
1148 2.06716 -0.579139 7.05993 217 237 251 0.424407 6 238 7 412 8 400
39 1.93889 0.232217 7.85227 46 51 57 0.365653 3 359 2 335 4 163 5 345
1147 3.44537 1.96069 7.21836 207 200 208 0.17932 6 341 7 378 8 1137
38 1.94386 0.214492 7.82336 41 52 58 0.597452 3 356 2 334 1 942 6 1148 7 1346 8 1318
1146 2.51476 -0.452675 7.06803 162 183 194 0.34097 6 239 7 359 8 229
37 1.08972 0.371042 7.75975 191 191 202 0.711804 3 346 2 324 4 202 5 421 1 1321 6 1189 7 1782 8 1406 8 1880
1145 1.37652 3.753 5.35317 140 160 174 0.678009 4 824 1 636 6 1358 3 1547 2 1376 1 1186 7 1803 8 1752
36 1.09488 0.348403 7.76126 146 38 59 0.480366 3 345 2 325 6 488 7 611
1142 2.45395 1.80464 7.17596 24 32 33 1.16197 5 2141 6 2492 9 2846 10 2648
33 0.32438 0.546598 6.66655 21 22 17 1.07401 3 337 2 244 4 230 5 509 6 583 7 1495 8 1898
1140 2.00625 5.0995 5.47744 97 102 134 1.76357 1 1515 6 1928 7 2049 8 2041 9 747
31 0.217949 0.525494 6.66908 17 20 19 0.298156 3 331 2 241 5 510 6 643 7 1499 8 1924
1139 2.00625 5.0995 5.47744 97 102 134 1.76357 1 1514 6 1927 7 2048 8 2042 9 748
30 0.217945 0.525864 6.66686 17 20 19 0.314344 3 330 2 240 5 511 6 644 7 1498
1138 1.80586 -4.45087 9.30964 20 27 31 0.896365 5 1252 6 1782
29 0.0523665 0.556853 6.66602 93 95 86 0.38524 3 329 2 233 4 223 5 513 6 1260 7 1888 8 2192
1136 2.3396 -0.873335 7.13313 168 181 179 1.67974 5 195 6 197 7 1243
27 2.38308 0.0509854 7.46275 132 116 109 0.280266 3 312 2 344 4 102
1135 6.92931 -1.33355 8.50503 57 75 98 0.313845 5 76 6 25 7 31
26 2.00797 0.181057 7.68937 137 126 138 0.493648 3 308 2 337 4 160 5 342 1 181 6 384 7 490 8 482
1134 3.70748 0.700352 7.58656 219 189 64 0.233168 5 2145 6 2499 7 2682
25 1.10103 0.090086 7.98544 123 53 54 0.403235 3 296 2 256 4 146
1133 3.68312 1.3721 7.72743 174 153 128 1.08713 5 2139 6 2489
24 0.34761 0.083231 6.93025 14 18 16 0.410252 3 291 2 1016 4 1050 5 1006 7 2068 8 2156
1132 1.5752 -2.26876 9.21429 16 33 38 0.539357 5 2122 6 2488
23 0.071361 0.124491 6.91613 125 148 159 0.185935 3 287 2 162 4 134 5 457 6 1224 7 1878
1130 4.12923 0.642387 7.04033 209 189 72 0.387553 5 2123 6 2464 7 2652 8 2788
21 0.0120092 0.151454 6.90627 134 156 166 0.188126 3 280 2 160 4 186 5 460 6 1254 7 1881 8 1990
1129 0.255925 -0.259036 7.19053 44 42 36 0.283036 5 2069 6 2446 7 2646
20 2.05791 -0.156078 7.00867 112 123 130 0.604952 3 252 2 261 4 43 6 287 7 459
1128 1.69091 1.01788 7.53403 25 32 36 0.895039 1 2178 6 2441
19 2.0155 -0.169033 7.09383 36 40 51 0.92823 3 251 2 260 1 57
1127 0.35805 -0.46817 7.12194 177 168 160 0.734526 5 2064 6 2413
18 1.95957 -0.197026 7.09457 121 117 129 0.426349 3 249 2 257 4 1006
1126 3.18261 0.729088 7.93794 174 164 152 0.728714 4 2405 6 2411 7 2603 8 2739
17 0.459935 -0.176015 7.06364 54 72 84 0.138747 3 235 2 130 4 81 6 1182 7 1791
1125 7.44337 -4.62121 14.062 19 33 39 0.457115 5 2095 6 2396
16 0.239317 0.0207691 6.97345 14 17 16 0.456472 3 232 2 169 5 416 4 143 6 1580 7 2086 8 2187
1124 2.10408 3.51702 6.19226 186 206 228 0.80568 1 2132 6 2373 7 2576 8 2679
15 0.234716 -0.0196375 6.98309 59 66 55 0.0779277 3 231 2 174
1123 2.66608 1.15991 7.61219 155 144 135 1.00406 3 2616 6 2366 7 2567
14 0.433144 -0.126974 7.03602 125 146 159 0.224349 3 230 2 131 4 83 5 410 6 528 8 1911
1122 2.48863 0.662226 7.84928 165 158 150 0.591318 5 1986 6 2365 9 2529
13 0.382811 -0.135886 7.04214 136 150 160 0.286804 3 229 2 129 4 84 5 409 6 529 7 1441 8 1913
1121 2.188 -0.0359016 7.45574 110 40 40 0.970266 5 2025 6 2360
12 0.395456 -0.241371 7.10388 136 149 161 0.271729 3 227 2 127 4 1027 5 992 6 1181 7 2061 8 2155
1120 1.90105 -0.243306 7.46657 129 41 37 0.21197 5 1982 6 2359 7 2570
11 0.203222 -0.122655 7.04906 22 27 29 0.362294 3 226 2 123 4 79 5 1001 6 1577 8 2183
1119 5.19899 3.72384 6.39012 172 172 168 0.547623 5 2071 6 2355
10 0.202818 -0.122045 7.051 22 27 29 0.310057 3 225 2 124 5 1002 6 1578 8 2184
1118 0.0740353 -0.323285 7.16373 150 168 187 0.653785 5 1944 6 2325 7 2584
9 0.125386 0.0530533 6.94176 10 21 30 1.1273 3 224 2 1007 5 450 7 1839 8 2350 7 2231
1117 1.98964 -0.388464 7.18357 117 37 41 0.608452 5 1936 6 2314 7 2531
8 0.179524 0.0159047 6.95662 15 20 25 0.579436 3 223 2 168 4 140 6 1221
1115 4.01649 0.242811 8.01779 142 133 124 0.628061 5 1886 6 2309 7 2561
6 0.0962784 0.0354518 6.96381 111 130 141 0.135898 3 221 2 164 4 129 6 1215 7 1840 8 1961
540 -0.872686 1.5213 6.17423 186 153 66 1.50402 3 2684 2 2285 4 2414 5 2114
525 2.28583 0.11487 7.78115 106 120 129 1.93605 3 2646 2 2283 4 2398 5 2026 6 2361 9 2626
502 -1.05787 0.976809 6.57258 160 177 188 1.15545 3 2569 2 2172 5 2045
72 2.58989 3.14596 6.42344 102 128 149 0.0466713 3 727 2 783
28 0.0593566 0.527715 6.73371 18 16 17 0.246055 3 328 2 232
22 0.0588762 0.0941155 6.93164 124 151 160 0.180992 3 285 2 161 4 132 8 1966
1 0.204136 -0.276443 7.12386 52 56 49 0.121707 3 168 2 120
1110 1.94907 -0.247896 7.1708 126 122 138 0.910295 5 1888 6 2193 7 2484 8 2599 9 2523
2 0.204136 -0.276443 7.12386 52 56 49 0.121707 3 169 2 121
1111 1.93976 0.626962 7.76426 151 143 140 0.968135 1 2074 6 2202 7 2487 8 2648
3 0.351012 -0.253439 7.10684 62 62 56 0.307856 3 172 2 125 4 74 7 1809 8 1909
1112 -0.827907 0.424752 6.86311 99 81 88 0.208383 5 1834 6 2232 9 2558
4 0.541323 -0.312502 7.14242 32 29 31 0.153804 3 175 2 132
1113 2.55804 4.99969 5.60815 178 176 168 0.968098 4 2308 6 2277 7 2488 8 2591
5 0.541574 -0.308812 7.13697 32 29 31 0.484504 3 176 2 133 4 1512 5 1322
1114 1.4015 3.91496 5.26656 154 172 181 0.42883 4 2303 6 2282 8 2528 9 2278
7 0.162879 0.00736174 7.00857 15 20 25 0.394946 3 222 2 167 6 1213
32 0.268836 0.513074 6.68544 67 69 57 0.100739 3 336 2 243
34 0.325459 0.546523 6.66399 21 22 17 1.11896 3 338 2 245 4 229 5 508 6 586 7 1496 6 582 8 1897
35 0.922492 0.330549 7.76745 67 61 60 0.506915 3 341 2 321
131 0.867126 3.83993 5.22634 168 148 123 0.154332 3 959 2 855
164 2.0533 0.262393 7.81331 41 46 53 0.411474 3 1195 2 405 4 1075 5 983 1 946 6 1152 7 1308 8 485 9 309
187 2.80146 2.14597 7.0105 153 178 195 0.489469 3 1328 2 1598 4 1616
202 -0.98197 2.85263 5.81876 184 164 152 0.198075 3 1381 2 558
208 -0.635731 2.99084 5.79308 63 60 86 0.315382 3 1393 2 603 4 635 1 376
210 -0.503888 3.16556 5.73554 148 158 176 0.132036 3 1405 2 637
222 0.660554 3.55324 5.3928 137 133 131 0.350777 3 1484 2 744 4 1336 1 1109 8 1389 9 719
223 0.75565 3.54567 5.39438 103 107 93 0.183415 3 1487 2 1324 4 1339 1 533 7 1892 9 714
232 -0.284104 3.77048 5.48164 199 165 181 0.241722 3 1513 2 1307 4 1413 1 498
238 0.808581 3.69249 5.32751 48 54 78 0.421078 3 1519 2 807 4 786 1 1128 8 1372
239 1.03463 3.71398 5.35357 126 119 101 0.156564 3 1522 2 1342 8 1335
240 0.960913 3.76666 5.3114 95 58 47 0.304685 3 1524 2 1340 4 858 1 610 7 1522
241 0.98348 3.78215 5.31327 152 139 102 0.322502 3 1525 2 1353 4 1391 1 612
242 1.33998 3.67394 5.39649 94 109 134 0.341175 3 1526 2 1367 4 1355 1 626 6 1353 7 1427 8 1232
243 1.33998 3.67394 5.39649 94 109 134 0.341175 3 1527 2 1366 4 1354 1 625 6 1352 7 1428 8 1233
244 1.31726 3.71694 5.37424 76 94 125 0.414001 3 1529 2 1365 4 1358 1 1179 7 1432 8 1236
245 1.21635 3.72818 5.36744 166 187 208 0.354647 3 1531 2 876 4 1351 1 1170 6 1394 8 1288
246 1.29921 3.74181 5.35919 161 187 208 0.240775 3 1534 2 1364 4 1369 1 1178 6 1667 7 1465 8 1287
247 1.3398 3.73075 5.36688 162 187 210 0.173627 3 1535 2 1369 4 1370 1 1181 6 1665 7 1429 8 1238
248 1.3398 3.73075 5.36688 162 187 210 0.173627 3 1536 2 1370 4 1371 1 1182 6 1666 7 1430 8 1239
249 1.34171 3.74969 5.35647 85 82 95 0.254375 3 1537 2 1373 4 818 1 634 6 1363 7 1431 8 1240
250 1.3749 3.68785 5.38892 162 187 211 0.291158 3 1540 2 1368 4 1360 1 1188 8 1230
251 1.38775 3.71788 5.37428 162 188 208 0.215902 3 1541 2 1374 4 1366 1 1185 6 1661 7 1799 8 1750
252 1.47252 3.6667 5.41022 149 174 197 0.419202 3 1543 2 1380 4 1363 5 1208 1 1192 6 1315
253 1.51834 3.69048 5.42162 56 74 103 0.32354 3 1544 2 1381 4 1373 5 1449 1 1196
254 1.51948 3.68644 5.41538 56 74 103 0.167244 3 1545 2 1382 1 1197
255 1.37652 3.753 5.35317 144 165 184 0.678009 3 1546 2 1377 4 823 1 635 1 1187 6 1357 7 1802 8 1751
257 1.37111 3.80085 5.32434 171 158 117 0.146544 3 1548 2 1375 1 708
542 2.02088 1.70809 7.18154 154 187 202 0.922494 3 2686 2 2311 4 2436 1 2202 6 2444 7 2664 6 2471 8 2771 10 2609
543 1.25537 1.95137 6.96597 157 188 204 0.988777 3 2687 2 2308 4 2439 5 2109 1 2200 6 2450 6 2476 7 2671 8 2780 9 2769 10 2559
544 1.25537 1.95137 6.96597 157 188 204 0.988777 3 2688 2 2309 4 2440 5 2108 1 2199 6 2449 6 2475 7 2670 8 2781 9 2768 10 2558
545 2.26896 1.95486 7.04686 15 25 28 1.44555 3 2689 2 2312 4 2437 5 2102 1 2203 6 2437 7 2638 8 2744 1 2184
546 2.26896 1.95486 7.04686 15 25 28 1.44555 3 2690 2 2313 4 2438 5 2103 1 2204 6 2438 7 2639 8 2745 1 2185
549 -1.2776 2.5214 6.58444 161 34 37 0.964577 3 2695 2 2286
550 1.11879 2.68626 6.57628 19 29 34 0.630074 3 2696 2 2317 4 2445
551 1.9432 3.39527 6.23532 16 23 27 1.66919 2 2296 4 2418 5 2049 6 2423 7 2610 8 2713 9 2641
552 1.9432 3.39527 6.23532 16 23 27 1.66919 2 2297 4 2419 5 2048 6 2424 7 2611 8 2714 9 2642
553 -0.553862 3.5268 5.61916 150 19 21 1.03468 3 2701 2 2318 4 2448 1 2188
554 2.11699 3.71018 6.1015 169 14 19 1.68489 3 2702 2 2321 4 2446 5 2115 1 2189 6 2453 8 2712 9 2704
555 4.13259 0.636414 7.05391 180 162 56 0.376874 3 2708 2 2340 4 2455
556 -0.786678 1.36064 6.50774 110 129 147 0.917505 3 2711 2 2302 4 2457
557 3.00946 2.17753 7.12999 13 24 24 2.01052 3 2713 2 2343 4 2468 1 2219
558 1.33092 2.44159 6.68328 160 187 207 1.57756 3 2714 2 2326 5 2126 1 2205 6 2477 2 2314 7 2672 8 2775 9 2817
560 1.83226 2.41171 6.77902 13 23 26 0.430025 3 2717 2 2328
561 2.72805 2.49941 6.82593 15 23 24 0.55233 3 2718 2 2332 4 2458
562 2.2599 3.40426 6.21962 156 181 202 1.28227 3 2720 2 2334 4 2459 5 2129 1 2215 6 2474 8 2769
563 -1.61101 -1.2675 8.87473 6 22 32 0.824516 3 2722 2 2337 4 2471
565 2.37004 2.30352 6.87165 149 180 196 1.64314 3 2725 2 2342 4 2469 5 2142 1 2218 6 2493 9 2848
567 1.19214 0.881985 7.16788 155 183 200 0.968831 3 2733 2 2344
568 4.47183 1.23661 7.53749 87 77 67 1.76956 3 2734 2 2350 4 2473 1 2225 5 2137 6 2466
569 0.450053 1.68491 6.78279 157 181 195 0.0718882 3 2735 4 2475
571 1.44453 2.19106 6.92253 159 186 206 1.64737 3 2737 2 2348 4 2476 1 2222 8 2806
572 0.0936483 3.21481 6.19846 162 158 160 1.36641 3 2738 2 2351 1 2226
573 3.73039 0.686186 7.62376 185 159 63 1.70626 3 2741 2 2357 5 2144 6 2500
574 -0.472454 1.79744 6.17337 39 45 58 0.840676 3 2745 2 2355
575 1.9032 2.87773 6.53221 15 21 21 0.625018 3 2747 2 2361 4 2489 1 2243
576 -0.262199 3.57085 5.77284 57 38 51 0.661724 3 2748 2 2360 1 2237
577 -0.262199 3.57085 5.77284 57 38 51 0.661724 3 2749 2 2359 1 2236
578 1.91935 -0.275122 7.05809 138 129 134 0.673703 3 180 4 13 5 267
579 1.95991 -0.216514 7.06092 45 38 50 0.806769 3 246 4 32 5 301 6 330
580 1.95991 -0.216514 7.06092 45 38 50 0.806769 3 247 4 33 6 331 5 302
581 1.91079 -0.222725 7.16232 148 128 135 0.424359 3 245 4 34 5 299 6 329 7 461 8 420
582 1.9851 -0.208 7.02845 133 131 138 0.402618 3 248 4 38 5 272 6 283 7 458
583 2.00893 -0.204186 7.01325 59 32 44 0.469219 2 258 3 1135 4 39 5 271 6 284 8 1268
584 2.07404 -0.163581 6.9882 32 30 38 1.17197 3 255 4 42 1 58
585 2.20427 -0.149024 6.93304 136 122 127 1.08934 3 256 4 44 1 124
586 0.151153 -0.362146 7.16819 35 36 43 0.411001 3 165 4 64 5 401 6 1197 7 1832 8 1953 9 414
587 0.460628 -0.177102 7.06464 67 85 99 0.168156 3 236 4 82 6 1183 8 1890
588 0.520015 -0.229898 7.09746 148 171 178 0.261476 3 237 4 86 5 381 6 474 7 1396 8 1884
589 -0.00318228 0.116284 6.91557 137 161 169 0.214975 3 278 4 126 6 1253 7 1877 8 1991
590 -0.00352767 0.115904 6.91819 137 161 169 0.157233 3 277 4 127 5 447 6 1252 7 1876
591 0.0608537 0.0680643 6.94374 47 65 77 0.22116 3 283 4 128 5 453 7 1872 8 1963
592 0.0165056 0.0882199 6.93635 134 161 172 0.154184 3 276 4 130 5 446 6 1218 7 1875 8 1987
593 0.0573817 0.0935375 6.93213 136 156 169 0.217675 3 286 4 133 5 454 6 1217 7 1873 8 1965
594 0.0478867 0.153681 6.89779 132 156 170 0.179864 3 281 4 135 5 461 6 1225 7 1880 8 1968
595 0.048618 0.155318 6.89092 132 156 170 0.144144 3 282 4 136 5 462
596 0.165763 0.0590215 6.93956 18 21 20 0.63429 2 166 4 144 5 451 3 288 6 1222 7 1838
597 1.88008 0.0960926 7.72756 151 136 150 0.210012 3 303 4 153 5 335 6 1138 7 1329 8 1315 9 300
598 1.87837 0.0936575 7.72555 151 136 150 0.519227 3 302 4 154 5 334 1 117 6 1137 7 1328 8 1314 9 299
599 1.9208 0.209695 7.84453 125 133 139 0.288602 3 353 4 158 5 340 6 417 7 525 8 492
600 1.9208 0.209695 7.84453 125 133 139 0.288602 3 354 4 159 5 341 6 418 7 524 8 493
601 2.01054 0.182626 7.69727 141 130 138 0.203926 3 309 4 161 5 343 8 483
602 -0.0125239 0.148465 6.90808 21 38 52 0.195207 3 279 4 185 5 449 6 1256
603 0.376572 0.472858 6.71202 16 19 12 0.707319 2 248 4 199 5 1029 6 1240
604 -0.0677243 0.488327 6.70707 61 70 62 0.371877 3 321 4 220 5 501 6 1622 7 1901 8 1993
605 -0.0677255 0.487157 6.71363 61 70 62 0.311249 3 322 4 221 6 1623 7 1902
606 0.187025 0.495697 6.69306 69 74 62 0.251835 3 326 4 228 5 504 6 1258 7 1852
607 0.347317 0.609721 6.62868 87 89 77 0.261524 2 246 4 238 5 517 6 1243 7 1854 8 2135
608 -0.93286 0.789968 6.65024 107 120 108 0.18117 3 1210 4 292 5 1098
609 -0.93286 0.789968 6.65024 107 120 108 0.18117 3 1211 4 293 5 1099
610 -1.00225 0.855598 6.6062 94 149 197 0.496815 3 376 4 294 5 602
611 -0.821681 0.916934 6.58787 99 112 121 0.174671 3 413 4 300 5 606
612 -0.74703 1.01746 6.51476 6 44 80 0.285512 3 416 4 309 5 1120
613 -0.690759 1.04259 6.51308 102 116 118 0.265584 3 425 4 310 5 615 6 1412
614 -0.650309 1.07705 6.49271 97 109 110 0.230906 3 428 4 312 5 1121 6 1415
615 1.96806 1.50755 7.29714 21 37 51 0.761881 2 509 4 327
616 -0.843438 1.28478 6.35668 82 72 72 0.161526 3 475 4 353 5 671
617 -0.787347 1.27326 6.37852 75 99 130 0.270886 2 372 4 356 5 668
618 -0.787347 1.27326 6.37852 75 99 130 0.270886 2 373 4 357 5 669
619 -0.732459 1.28948 6.35719 164 194 216 0.191801 3 481 4 358 5 679
620 -0.714745 1.28023 6.3711 103 129 148 0.380168 3 480 4 359 5 677
621 -0.773182 1.30743 6.33963 165 194 217 0.363354 3 478 4 361 5 673
622 -0.741879 1.33212 6.33006 163 193 213 0.282234 3 484 4 362 5 686
623 -0.593335 1.38532 6.2909 94 121 141 0.25081 3 497 4 368 5 697
624 -0.469507 1.36711 6.33433 0 23 65 0.930454 3 1748 4 373 5 1418
625 -0.493033 1.38897 6.31972 139 136 110 0.182116 3 499 4 374 5 627
626 3.85629 2.24272 7.07024 90 83 75 0.0639257 2 703 4 396 1 519
627 -1.2473 1.40095 6.2415 150 179 209 0.414635 3 462 4 418 5 1194
628 -1.217 1.42827 6.22341 146 174 208 0.352711 3 463 4 420 5 782
629 -1.16934 1.41145 6.24499 48 59 86 0.359694 3 464 4 422 5 1167
630 -1.17218 1.43365 6.23661 150 182 206 0.373502 3 465 4 424 5 1168
631 -1.16065 1.45343 6.21758 49 77 106 0.437197 3 528 4 426 5 748
632 -0.668275 1.39449 6.29719 165 193 207 0.296362 3 494 4 433 5 1145
633 -0.641319 1.42 6.27901 166 194 204 0.326533 3 495 4 436 5 700
634 -1.06602 1.55598 6.15961 12 37 87 0.394916 3 535 4 476 5 786
635 -0.863573 1.75829 6.12779 91 114 138 0.378342 3 573 4 484 5 794
636 0.331507 2.19754 6.68644 167 199 216 0.212285 2 529 4 527
637 2.69645 3.03531 6.48294 111 136 157 0.467398 2 790 4 543 1 545
638 2.69645 3.03531 6.48294 111 136 157 0.467398 2 791 4 544 1 544
639 5.11642 3.92733 6.40141 128 130 113 0.831573 3 943 4 565 1 1273
640 -0.95699 2.84322 5.82447 88 59 63 0.191461 2 559 4 615 1 344
641 -0.976411 2.85002 5.81271 187 166 154 0.351037 2 557 4 617 1 342
642 -0.971361 2.87309 5.80913 109 79 75 0.229447 2 560 4 621 1 343
643 -0.688712 2.95423 5.80538 151 161 187 0.197403 3 712 4 633 1 371
644 -0.748849 3.02971 5.76163 92 85 116 0.409461 3 708 4 663 1 369
645 -0.748849 3.02971 5.76163 92 85 116 0.409461 3 709 4 664 1 370
646 -0.710499 3.11559 5.72421 93 73 99 0.147084 3 735 4 665 1 397
647 -0.710499 3.11559 5.72421 93 73 99 0.147084 3 736 4 666 1 398
648 1.03878 3.53187 5.44448 93 106 96 0.131603 3 833 4 701 1 581
649 1.06819 3.5257 5.44836 95 102 101 0.354066 2 766 3 834 4 702 1 583 8 506
650 1.06878 3.525 5.44924 95 102 101 0.101047 3 835 4 703 1 582
651 1.11871 3.51645 5.45847 93 103 93 0.288817 3 837 4 710 1 584 8 504
652 1.4393 3.6181 5.42449 94 119 140 0.278909 3 849 4 716 8 341
653 1.43979 3.61942 5.42505 94 119 140 0.297581 2 828 3 850 4 717 8 340 7 1412
654 0.544009 3.59674 5.45059 101 146 185 0.3098 3 820 4 770 1 1107
655 0.80836 3.6432 5.35037 12 43 94 0.166969 3 877 4 785 7 1000
656 0.884162 3.58552 5.39578 69 155 200 0.428454 2 1326 4 789 1 1133 3 1882 7 1516 8 1362
657 0.985601 3.55824 5.42607 13 28 56 0.48825 2 759 4 791 1 576 8 512
658 0.993692 3.57928 5.41737 62 143 192 0.242176 3 842 4 792 1 575 6 1392 7 1513 8 1333
659 1.06955 3.72845 5.35242 144 135 93 0.263837 2 1343 4 802 1 1163 6 1395 7 1517
660 1.41754 3.65407 5.40629 89 116 141 0.373868 3 1538 4 815 1 646 6 1345 7 1418 8 1226
661 -0.429676 3.67862 5.52261 146 22 40 0.429937 3 859 4 844 8 1619
662 0.65332 3.69556 5.32374 134 154 180 0.593222 3 869 4 853 7 1579 8 619
663 1.17505 3.82664 5.31774 73 40 25 0.165973 3 968 4 861 1 618 6 1396
664 1.28599 3.8856 5.28251 111 71 46 0.128056 3 1576 4 866 1 704 6 1397
665 1.33544 3.83195 5.3069 75 55 33 0.170306 3 973 4 868 1 707 8 364
666 1.26618 3.94583 5.24792 160 150 107 0.439582 2 937 4 871 6 867 7 789 8 375
667 1.3583 3.92468 5.25854 95 97 81 0.246194 3 979 4 872 1 710 6 864 8 366
668 1.96059 -0.240904 7.03946 135 126 130 0.746409 3 1116 4 1005 5 962 6 1077 7 1292 9 231
669 2.09578 -0.139641 7.01118 110 118 130 0.433327 2 263 4 1008 5 276 6 1078 7 430 8 313
670 0.124422 -0.348527 7.1703 144 173 181 0.386872 3 164 4 1023 5 996 6 1571 7 2081 8 2205 9 415
671 1.82879 0.0196292 7.74234 75 46 62 0.45814 3 300 4 1031 5 970 6 1538 8 2102 9 293
672 -1.73333 -0.612074 8.03206 66 59 60 0.577593 2 975 4 1047 5 1065
673 0.288658 0.212006 6.85883 18 19 14 0.27495 2 173 4 1052 5 1027 6 1594 7 2087 8 2157
674 1.80035 0.109512 7.93651 134 141 145 0.304214 3 298 4 1056 5 972 6 1550 7 1755 8 1843 9 1238
675 1.84228 0.191371 7.99031 93 89 90 0.476665 3 351 4 1059 5 993 6 1168
676 1.984 0.178642 7.72521 66 32 48 0.256172 3 1166 4 1062 5 978
677 1.9441 0.214717 7.8229 45 54 61 0.527632 3 355 4 1066 5 982 1 943 6 1147 7 1345 8 1317
678 2.12627 0.218096 7.68594 139 128 135 0.210599 2 342 3 1196 4 1071 5 347
679 1.86633 0.244457 7.87286 83 83 85 1.36222 3 357 4 1073 5 994 6 1169 7 1349 8 556
680 -0.609368 0.154717 6.63105 104 94 91 0.493732 3 1152 4 1085 5 1046 6 1305
681 -0.609368 0.154717 6.63105 104 94 91 0.493732 3 1153 4 1086 5 1045 6 1306
682 0.108937 0.187622 6.87866 11 18 22 0.394462 2 1008 4 1088 5 1026 6 1589 7 2090 9 443
683 0.98022 0.307499 7.80598 179 178 187 0.421662 2 1115 4 1092 5 1007 6 1187 7 613 8 673
684 1.35177 0.254639 7.86259 203 189 202 0.436148 3 348 4 1094 5 1009 7 1366 6 1172 8 1875
685 0.162481 0.597157 6.63593 12 13 5 0.469905 3 1179 4 1103 5 514 6 1263 7 1887 8 1926
686 -0.947151 0.844594 6.60297 76 152 191 0.242574 3 1212 4 1131 5 1408
687 -1.02464 0.872432 6.58821 134 173 210 0.302821 3 1213 4 1134 5 1111
688 -1.02464 0.872432 6.58821 134 173 210 0.302821 3 1214 4 1135 5 1110
689 -0.889248 0.836878 6.61487 106 118 98 0.31609 3 1215 4 1136 5 1100
690 -0.850555 0.951002 6.54829 97 152 172 0.5114 3 1235 4 1139 5 1410 9 675
691 -0.821762 1.21819 6.38146 165 193 210 0.224284 3 1264 4 1160 5 1430
692 3.58399 2.18071 7.09253 166 178 197 0.57588 3 618 4 1170 5 428 1 490 6 345 7 1255
693 -1.13099 1.47905 6.20636 162 192 213 0.467579 3 1288 4 1176 5 1444
694 -0.617549 1.41585 6.28464 65 95 128 0.263686 3 1274 4 1186 5 1148
695 3.76926 2.42426 7.04525 119 117 107 0.588469 3 1347 4 1191 5 431 1 1464 2 1824
696 -0.893673 1.64934 6.10884 159 147 99 0.537901 3 1293 4 1199 5 1627
697 2.62681 3.11522 6.45932 110 137 161 0.817323 2 785 3 1396 4 1221 5 591 1 595 6 502 7 503 8 165
698 -0.936922 2.3672 6.12706 190 140 161 0.461 3 1343 4 1227 2 1197 1 1004
699 -0.857878 2.72468 5.89597 185 141 122 0.290326 3 1371 4 1247 1 1024
700 -0.753075 2.71355 5.91637 131 51 46 0.730052 3 1808 4 1248 9 871
701 -0.927972 2.94143 5.78279 113 61 84 0.221588 2 565 4 1267 1 368
702 -0.896261 3.10204 5.72025 136 40 64 0.353541 2 1245 4 1282 1 1027 9 1531
703 -0.73078 3.09736 5.71944 202 183 201 0.350521 2 1252 4 1283 1 1041 9 935
704 -0.639634 3.18509 5.69849 111 78 109 0.211642 3 745 4 1286 1 402 9 940
705 -0.329612 3.26384 5.72791 93 86 104 0.581794 3 1408 4 1290 8 1938
706 -0.220888 3.27615 5.734 95 93 109 0.43888 3 1415 4 1294 1 451 8 1931
707 -0.136045 3.37244 5.68172 95 82 92 0.540354 3 1446 4 1325 2 1299
708 0.783914 3.54679 5.40323 108 120 86 0.439111 3 1489 4 1337 1 1112 7 1552
709 0.786235 3.54375 5.39918 108 120 86 0.146429 3 1490 4 1338 1 1111
710 0.688525 3.60133 5.36139 90 179 231 0.254637 3 1485 4 1343 1 569 7 1578 8 1377
711 0.883363 3.5641 5.40756 10 28 62 0.309193 3 1495 4 1349 1 1131 7 1859
712 1.2904 3.71159 5.3793 153 180 200 0.348077 3 1528 4 1356 1 1177 6 1663 7 1818 8 1284
713 1.2882 3.71077 5.37809 153 180 200 0.355182 2 1362 4 1357 6 1664 7 1819 8 1285 9 611
714 1.3172 3.71642 5.37389 67 89 121 0.44287 3 1530 4 1359 1 1180 7 1433 8 1237
715 1.39499 3.69782 5.38367 66 88 118 0.377124 2 892 4 1364 1 647 6 1356 7 1426
716 1.25815 3.75593 5.35396 153 184 201 0.352206 3 1533 4 1367 1 1175 6 1695 7 1820 8 1290
717 1.01364 3.82549 5.29051 125 101 56 0.123213 3 1568 4 1396 7 1521
718 1.11351 3.8418 5.293 99 64 41 0.115038 3 1569 4 1397 1 1165
719 1.16931 3.94842 5.24577 91 84 53 0.614157 3 1578 4 1398 1 1216 6 1700 7 794 8 1295
720 -0.335262 3.76166 5.49455 201 179 206 0.516764 3 1511 4 1408 1 1096 8 1523
721 -0.540934 0.0768559 6.66639 125 116 111 0.543819 3 1980 4 1525 5 1567 6 2020
722 0.0336471 0.121885 6.91768 15 30 54 0.254602 2 1006 4 1530 5 1347 7 2102 8 2367 9 434
723 1.91284 0.162393 7.77799 118 127 130 0.33863 2 331 4 1532 5 1314
724 2.04247 0.175812 7.64931 72 46 64 0.527922 3 1677 4 1534 5 1315 6 1541 7 1304 8 480
725 -0.492453 0.344313 6.65262 90 81 76 0.506183 2 1430 3 1154 4 1541 5 1068 6 1631 9 568
726 0.125161 0.234772 6.8513 46 52 49 0.14936 2 1011 4 1542 5 1349 8 2352 9 1271
727 -0.0351547 0.465501 6.72957 21 21 23 0.236047 2 1070 4 1553 5 1368 6 1873 7 2106 8 2369 9 494
728 -1.04297 0.848384 6.58529 0 47 111 0.247899 3 1205 4 1576 5 1407
729 -0.993908 0.944971 6.558 159 147 82 0.396082 3 1728 4 1582 5 1607 9 1445
730 -0.761285 1.04229 6.50543 99 150 173 0.282057 3 1730 4 1584 5 1415 2 1105 9 681
731 2.00834 1.52058 7.34102 163 190 204 0.218374 3 1762 4 1589
732 -0.602267 1.44988 6.26538 148 180 193 0.551556 3 1759 4 1607 5 1615 9 1402
733 -0.994118 1.60253 6.13335 94 127 152 0.381638 3 1756 4 1622 5 1635
734 3.41989 2.72526 6.82145 75 71 62 0.637523 3 2074 4 1628 1 1469
735 2.36131 2.5904 6.69841 155 182 197 0.696005 2 1615 4 1633 1 1459
736 3.29902 2.80734 6.77179 52 41 34 0.476032 3 1812 4 1637 5 520 1 1118
737 2.99234 3.05388 6.5774 60 51 44 0.60904 3 2086 4 1639 1 1484
738 5.01729 3.67747 6.51935 58 61 78 1.09575 3 1866 4 1654 5 1032 1 1678 6 1081 7 1196 8 1078
739 5.01729 3.67747 6.51935 58 61 78 1.09575 3 1867 4 1655 5 1033 1 1679 6 1082 7 1197 8 1079
740 -0.776783 2.72785 5.90799 198 147 122 0.230991 3 2080 4 1663 1 1413
741 -0.776783 2.72785 5.90799 198 147 122 0.230991 3 2079 4 1664 1 1414
742 -0.852957 2.79226 5.85187 174 146 131 0.4767 3 1806 4 1672 1 1410 9 1512
743 -0.760171 2.81667 5.85979 61 41 57 0.613797 3 1807 4 1676 1 1411
744 -0.809656 2.91802 5.79025 55 58 82 0.763369 3 1385 4 1677 1 1425 9 1517
745 -0.648593 2.9689 5.79396 134 148 171 0.118802 3 1824 4 1679 9 927
746 -0.727099 3.04546 5.74797 176 186 212 0.126927 3 1389 4 1692 9 1522
747 -0.696066 3.059 5.7464 124 55 86 0.298403 3 1825 4 1693 1 1430 9 933
748 -0.794967 3.14679 5.70096 202 183 209 0.192471 3 1836 4 1695 1 1437 9 1529
749 -0.731581 3.1294 5.71785 142 49 78 0.0915862 3 1399 4 1696 1 1040
750 0.946719 3.56256 5.41926 10 29 58 0.628921 3 1883 4 1721 1 1136 6 1691 7 1857 8 1822 9 607
751 1.14722 3.73962 5.36196 123 80 70 0.230566 2 1357 4 1725 1 1169
752 -0.369396 3.71948 5.49906 203 174 193 0.242502 2 1621 4 1740 1 1095
753 1.14704 3.89997 5.27375 98 67 51 0.293756 3 1930 4 1746 1 1215
754 1.28453 3.93754 5.25408 167 146 103 0.132872 3 1933 4 1748 1 1503
755 1.3457 3.96238 5.24522 120 90 81 0.378198 3 1934 4 1749 1 1219 6 1698 7 1824 8 1243 9 623
756 -1.95289 3.47572 5.66837 0 0 0 0.202496 2 1579 3 1420
757 1.03915 4.03626 5.18096 169 153 121 0.271758 3 1936 4 1760 1 1496 7 1864 8 1782
758 1.94669 -0.0932424 7.37656 82 64 53 0.618422 3 1137 4 1793 5 1694
759 0.122974 0.0106495 6.9747 27 34 40 0.312271 3 1654 4 1808 5 1345 6 1852 7 2230
760 2.00528 0.217271 7.74197 116 126 131 0.375548 3 2010 4 1812 6 1829 7 2022 9 1201
761 2.07414 0.240938 7.75816 113 126 131 0.650061 3 1698 4 1814 5 1538 1 1347 6 1830 9 1690
762 2.00107 0.251765 7.82978 41 47 55 0.631902 2 1520 3 2012 4 1815 5 1317 3 1699 1 1346 6 1544 7 1757 8 1804 9 1695
763 -0.76108 0.22478 6.71435 129 125 126 0.455754 3 1993 4 1822 5 1728 6 2143
764 -0.825003 0.418982 6.87487 68 59 60 0.723448 3 1175 4 1832 5 1835
765 -0.435347 0.392747 6.69257 71 61 54 0.219045 3 1684 4 1835 5 1379 6 1886
766 -0.566184 0.453328 6.67467 68 58 51 0.58878 3 2003 4 1836 6 1903 9 1328
767 -0.110197 0.520819 6.67568 14 24 38 0.802524 3 1177 4 1844 5 1730
768 -1.20621 0.859913 6.64003 127 119 93 0.856998 3 2016 4 1857 5 1838
769 -0.947187 1.35723 6.29829 163 147 114 0.345715 3 2042 4 1872 5 1757
770 -1.07022 1.52485 6.1665 122 150 172 0.457457 3 2047 4 1874 5 1634
771 -0.946581 1.44216 6.24377 183 179 159 0.475238 3 2043 4 1875 5 1759
772 -0.95636 1.65188 6.09592 120 148 171 0.395609 3 2050 4 1882 5 1637 9 1458
773 -0.954101 1.65125 6.095 120 148 171 0.224736 3 2049 4 1883 9 1459
774 1.36143 2.6279 6.64848 152 183 197 0.630307 3 2267 4 1894
775 -1.20593 2.78242 5.81983 190 153 134 0.658627 3 2075 4 1910 1 1393 9 1913
776 -0.756774 2.94985 5.79988 150 184 204 0.390948 3 2085 4 1911 1 1426 9 1888
777 -0.520047 3.18372 5.71215 84 68 91 0.701314 3 2095 4 1922 1 1440 8 2372 9 938
778 0.702581 3.66557 5.33498 134 197 232 0.237194 2 1840 4 1936 9 1417
780 2.02706 3.99143 6.03836 150 147 142 0.515303 3 2135 4 1943 6 1882
781 0.153746 -0.0566035 7.00494 18 25 29 0.896397 2 2007 3 2339 4 1991 5 1703 6 2119 7 2499 6 2211 8 2666 9 2046
782 3.52753 1.21664 7.69777 144 125 96 0.613049 3 2046 4 2007 5 1539 6 1982 7 2175 8 2032
783 -1.06887 1.07463 6.47108 151 136 95 0.413991 3 2214 4 2015 5 1746 9 1839
784 -1.17254 1.07088 6.45652 112 60 50 0.329889 3 2213 4 2016 5 1843
785 -0.91012 1.1768 6.40028 78 48 52 0.475413 3 2216 4 2019 5 1748
786 3.4646 2.13524 7.10424 150 23 41 0.610774 3 2381 4 2024 5 1552 6 1529 7 1716 8 1703 9 316
787 3.6622 2.04191 7.14813 130 121 109 0.383906 2 1812 4 2025 1 1768 1 1891
788 3.52628 2.58778 6.91031 76 63 52 0.360526 3 2388 4 2035 5 1562
789 -0.744451 2.90285 5.80768 56 55 72 0.457566 3 2393 4 2047 1 1746 9 1887
790 -0.695363 2.91977 5.81516 136 153 174 0.503777 3 2273 4 2049 1 1624 9 1516
791 2.10799 3.9416 6.05763 141 137 130 0.324947 3 2298 4 2062 1 1798
792 -0.711452 3.26401 5.65387 173 181 198 0.328422 3 2278 4 2064 1 1749 9 2167
793 1.13721 3.93844 5.25733 155 147 106 0.229198 3 2309 4 2073 1 1664 7 2241
794 -1.12728 4.07631 5.63199 167 163 164 1.52351 4 2084 1 1765 3 2301
795 0.131373 0.510822 6.69049 15 18 19 0.289279 3 2349 4 2113 2 1901 5 1823 6 2213 7 2506 8 2630
796 -1.00096 1.08813 6.48312 79 49 47 0.359589 3 2359 4 2118 5 1845
797 -0.191058 1.65113 6.33515 30 40 45 1.51951 3 2240 4 2125 6 2156
798 -0.795907 3.18295 5.68503 177 183 204 0.392045 3 2401 4 2147 1 1873 9 2334 2 1948
799 -1.62523 3.2068 6.06172 149 140 140 1.06649 3 2396 4 2152 1 1866
800 -1.62523 3.2068 6.06172 149 140 140 1.06649 3 2397 4 2153 1 1865
801 1.19676 3.68968 5.38394 149 180 196 0.596019 3 2423 4 2157 1 1790 6 2159 7 2355 8 2433
802 1.4264 3.83506 5.29952 139 163 178 1.04362 2 2095 3 2430 4 2158 1 1910 6 2148 7 2348
803 1.08283 3.9128 5.25728 155 145 104 0.508012 3 2426 4 2161 1 1904 7 2451 9 2086
804 1.08311 3.90859 5.2511 155 145 104 0.36307 3 2427 4 2162 1 1905 7 2450
805 -0.350691 3.76228 5.48883 185 162 184 0.136691 3 2417 4 2169 1 1771
806 -0.555171 1.39413 6.31638 150 183 196 0.428384 3 2469 4 2210 5 1998
807 -0.906351 1.69898 6.11661 12 34 76 0.538249 3 2475 4 2219 5 1921
808 -0.84813 3.0874 5.72275 132 135 161 0.416517 3 2490 4 2233 1 1962 9 2473
809 -0.626333 3.35512 5.62305 174 187 209 0.393829 2 2063 4 2238 1 1881 9 2336
810 -0.626333 3.35512 5.62305 174 187 209 0.393829 2 2064 4 2239 1 1880 9 2335
811 0.939443 3.76144 5.31778 133 91 80 0.537659 2 2150 4 2245 1 1986 9 2298 10 1645
812 2.03557 -0.173027 7.05283 51 52 66 0.771588 3 2453 4 2270
813 2.23085 -0.11867 7.09991 82 81 92 1.01785 3 2519 4 2271 5 1938
814 0.429157 -0.178565 7.06439 90 111 120 1.33613 3 2517 4 2273 5 1945 6 2323 7 2578 8 2730
815 0.429157 -0.178565 7.06439 90 111 120 1.33613 3 2516 4 2274 5 1946 6 2322 7 2579 8 2729
816 -1.38868 1.11245 6.40589 183 156 64 1.04792 3 2531 4 2285 5 2003
817 1.14824 3.85629 5.29372 117 71 60 0.596562 2 2154 4 2301 6 2291 9 2281
818 -0.15823 1.7538 6.36758 100 104 110 0.598199 3 2577 4 2330 5 1999 9 2651
819 -1.10377 -1.43228 8.73172 109 123 114 0.280336 3 2597 4 2355
820 -1.14467 1.36247 6.24814 153 138 111 0.923298 2 2254 4 2372 5 2084
821 2.24366 3.87851 6.05889 139 136 133 1.47763 3 2669 4 2384 5 2050 1 2135 6 2375
822 1.21667 3.6519 5.39089 137 146 154 1.19459 3 2635 4 2386 1 2097 6 2426 7 2583
823 -0.895277 0.581946 7.02534 150 143 135 0.867749 3 2649 4 2406 5 2042
824 1.8725 3.56291 6.14871 167 194 216 0.851286 3 2665 4 2423 5 2087 1 2131 7 2616 8 2715
825 1.68952 1.05938 7.53785 16 27 28 1.46052 3 2682 4 2432 1 2195
826 1.69094 1.05096 7.53898 16 27 28 2.03881 3 2681 4 2433 1 2196 6 2442
827 0.512913 2.23773 6.91012 18 30 36 0.317671 3 2691 4 2443 5 2081
828 0.512913 2.23773 6.91012 18 30 36 0.317671 3 2692 4 2444 5 2082
829 2.85094 0.365431 8.09294 92 93 84 0.667257 3 2730 4 2472 5 2138
830 1.5959 1.39312 7.31796 15 24 28 1.37384 3 2742 4 2482 5 2155 6 2506 9 2890
831 1.89399 2.88151 6.54119 16 26 26 1.93219 3 2746 4 2488 6 2513 5 2161 7 2697 8 2810 9 2897
832 -0.275875 3.34232 5.84221 85 79 94 1.44997 3 1442 4 1296
834 1.81844 -0.171492 7.62044 132 147 160 0.811554 3 2454 4 2275 5 1941
835 3.91767 0.892375 7.25798 166 124 9 1.40135 3 2574 4 2362 5 2024 6 2311 7 2523 8 2637
836 1.53115 1.81744 7.03022 16 27 27 1.34327 3 2619 4 2411 5 2075 6 2416 7 2608 8 2722
837 1.53162 1.8187 7.03135 16 27 27 1.31549 3 2620 4 2412 5 2074 6 2417 7 2609 8 2721 9 2635
838 0.258903 1.05168 6.96874 40 58 59 1.49425 3 2710 4 2434 5 2106
839 -0.661414 2.82488 5.99991 159 18 26 2.0409 3 2726 4 2460
840 6.71368 -1.39749 8.45653 60 78 85 0.824098 3 78 5 73 6 943
841 6.84913 -1.22375 8.1797 49 59 64 0.43551 3 1073 5 75
842 1.9012 -0.310566 7.08537 160 149 155 0.678722 4 12 5 265 6 1105 7 1288 8 1267 9 230
843 2.0717 -0.161399 6.97674 47 30 44 0.959478 4 41 5 275 1 59 6 286
844 2.07283 -0.110944 7.33111 121 71 67 0.777729 3 253 5 306
845 1.77791 0.00242093 7.91087 68 75 83 0.211072 4 94 5 325 6 1161 7 1336 8 1350 9 290
846 1.778 0.00313116 7.90759 68 75 83 0.133947 4 93 5 326 6 1162 9 291
847 1.82184 0.0353944 7.7682 89 58 72 0.137243 4 95 5 329 7 1332
848 1.7899 0.0725929 7.91915 67 67 74 0.207563 4 147 5 330 6 1163 7 1337 8 1354 9 379
849 1.78962 0.0728122 7.91746 67 67 74 0.199237 4 148 5 331 6 1164 7 1338 8 1355
850 1.84046 0.0496806 7.74308 187 159 172 0.239089 4 97 5 332 6 1133 7 1326 8 1352 9 295
851 1.84046 0.0496806 7.74308 187 159 172 0.239089 4 98 5 333 6 1134 7 1327 8 1353 9 296
852 1.92299 0.124148 7.69636 171 150 161 0.144473 4 155 5 336 6 383 8 487
853 1.90088 0.124563 7.73603 77 46 58 0.189186 3 307 5 337 6 1139 7 1330
854 1.93055 0.151421 7.71859 72 45 56 0.202799 4 156 5 338 6 1145 7 1306 8 488
855 1.85635 0.157493 7.86193 60 61 69 0.213835 4 1057 5 339 6 1165 7 1335
856 2.11991 0.29151 7.82198 103 109 116 0.221634 3 1200 5 349 6 385
857 0.369927 -0.226208 7.09076 32 31 38 0.545085 2 126 5 380 6 519
858 0.0511518 -0.15208 7.04406 133 151 167 0.5049 4 67 5 406 6 1211
859 0.243595 0.0244645 6.95983 31 31 23 0.398416 2 170 4 142 5 415
860 5.8146 3.63241 6.61763 172 167 158 0.620826 3 1470 5 432 6 211
861 0.00066434 0.0223369 6.98675 146 161 173 0.219129 2 159 5 444 6 1216 7 1531
862 0.0165395 0.0888784 6.93924 158 178 193 0.256232 4 131 5 445 6 1219 7 1874 8 1986 9 433
863 0.221486 0.325919 6.79586 27 28 19 0.389687 3 292 5 468 6 1232 7 1843 8 2159
864 0.957634 0.538128 7.66308 127 146 166 0.85766 3 391 5 473 1 898 6 551 7 1409 8 1881
865 1.38861 0.723883 7.58724 182 204 229 0.4004 2 1154 5 474 8 1857 7 1368
866 -1.35755 -0.750332 8.09775 168 163 161 0.589572 4 56 5 491 6 764
867 0.220905 0.502152 6.70985 84 83 65 0.281435 2 242 5 507 6 642
868 0.347364 0.609508 6.62852 106 103 94 0.261802 4 239 5 518 6 1244 7 1853 8 2136
869 -0.0356448 0.681824 6.60344 39 44 52 0.157834 4 227 5 544 7 1573
870 0.00135918 1.95946 6.45689 0 0 0 0.127895 3 602 4 497
871 6.2458 -2.59087 10.6225 12 22 26 0.662836 3 1033 5 881 6 961 7 1633 8 1690
872 1.84114 -0.154038 7.40264 100 37 43 0.446844 4 1004 5 964 6 1527
873 2.07364 -0.124491 7.10433 140 137 147 0.690456 4 1009 5 966 6 1080 9 237
874 1.75597 -0.00145345 7.96958 164 173 178 0.346352 4 92 5 971 6 1548 8 1837 9 1709
875 1.85816 0.0808425 7.75438 81 45 60 0.183874 4 1055 5 973 6 1135 9 297
876 1.8158 0.102828 7.87131 66 66 74 0.394269 4 150 5 975 7 1753 8 1840
877 1.8967 0.185718 7.83985 57 55 64 0.407715 3 1188 5 976 6 1551 7 1758 8 1806 9 307
878 0.174879 -0.127859 7.04714 36 39 40 0.315072 3 1134 5 1003 6 1576 7 2083 8 2185
879 0.12292 -0.0313265 6.98658 33 45 55 0.576743 3 220 5 1004 7 1489 8 1554
880 1.13623 0.401166 7.75862 215 208 229 0.445753 4 203 5 1008 6 1565 3 1696 7 1381 7 2038
881 0.222018 0.231905 6.85007 65 67 58 0.24535 2 172 5 1025 6 1591 7 2088 8 2324
882 0.0953379 0.620209 6.63295 51 49 41 0.3558 4 231 5 1049 6 1611
883 0.184472 0.638615 6.5941 53 51 39 0.528583 4 232 5 1051 6 1609
884 2.83019 2.88039 6.61952 173 194 208 1.08889 2 1331 5 1078 1 1114 6 1174 8 1146
885 6.72362 -1.2677 8.34351 232 250 252 1.37368 3 2174 5 1239
886 1.79315 0.0231646 7.79972 162 169 175 0.24139 4 1030 5 1313 6 1537 8 2105
887 1.9983 0.255844 7.81617 52 55 63 0.288349 4 1816 5 1316 6 1543 9 1696
888 2.03409 0.291104 7.85865 139 150 154 0.373804 2 1522 5 1319 6 1546 7 1310 8 1312 9 1697
889 2.02303 0.322694 7.86882 80 72 76 1.29082 2 1156 5 1328 6 1556 8 1319
890 1.31194 0.234125 7.83073 187 37 53 1.83753 4 1093 5 1335 1 1828 7 1367
891 -0.0351547 0.465501 6.72957 34 32 31 0.236047 4 1552 5 1367 6 1872 2 1071 7 2105 8 2370 9 493
892 2.80743 2.8584 6.6345 147 167 184 0.45009 3 1809 5 1387 6 1563 7 1314
893 -0.839577 1.35903 6.30783 119 81 87 0.460199 2 369 4 1179 5 1432
894 1.81166 0.0777655 7.75807 148 159 167 0.681598 4 1810 5 1534 6 1826
895 1.86614 0.124975 7.76311 144 154 163 0.352549 3 1674 5 1536 6 1827 7 2194
896 3.972 1.47274 7.64411 157 137 117 1.60752 2 1944 5 1540 3 2474
897 -0.541288 0.0781816 6.66281 165 148 148 0.552179 4 1526 5 1566 6 2019
898 0.28548 0.499239 6.68317 77 79 68 0.310874 4 1829 5 1572 6 2003
899 -0.51069 0.311907 6.63641 165 150 149 0.28185 3 1995 5 1588 6 1887
900 -0.0567757 0.654435 6.61854 108 114 113 0.332465 4 1558 5 1589 6 1875
901 -0.60255 0.482689 6.6919 137 126 120 0.375945 4 1838 5 1595 6 2030 9 1763
902 -0.996015 1.63879 6.08545 29 51 111 0.870955 3 1757 5 1636 9 811
